This is the start of the log file generated at 08_09_13h34m13s

15 VELO-type subdetectors added at z-locations: [20, 50, 80, 110, 140, 170, 200, 230, 260, 290, 450, 600, 650, 700, 750]
4 TT-type subdetectors added at z-locations: [2330, 2370, 2600, 2640]
24 OT-type subdetectors added at z-locations: [7860, 7870, 7910, 7920, 7980, 7990, 8030, 8040, 8540, 8550, 8590, 8600, 8660, 8670, 8710, 8720, 9230, 9240, 9280, 9290, 9350, 9360, 9400, 9410]
The detector is built.
Generating 1960 particles...
Particle 0:
eta 2.706153355772935, phi -0.030378471990325024,
p 2.0, q 1.60217662e-19,
brem = False
input State:
[[ 0.        ]
 [ 0.        ]
 [-0.00407571]
 [ 0.13412322]
 [ 0.14990425]]

Simulating particle
Particle track 0 is saved
Initiating Kalman filtering for particle: 0
Too small a gyroradius in calculating jacobian at z = 6.139999999999926
at vector index 0 and state vector
[[ 3.13070931]
 [ 0.82742565]
 [48.52060244]
 [ 0.13425732]
 [-0.34204506]]
Skip particle 0 because:The particle gets a very steep slope
                in the taylor expansion at z=6.139999999999926, with state =[[ 3.13070931]
 [ 0.82742565]
 [48.52060244]
 [ 0.13425732]
 [-0.34204506]]
Data added to list for particle: 0
Particle 1:
eta 4.086573619403355, phi -0.42752117498539166,
p 2.0, q -1.60217662e-19,
brem = False
input State:
[[ 0.        ]
 [ 0.        ]
 [-0.01393229]
 [ 0.03057847]
 [-0.14990425]]

Simulating particle
Particle track 1 is saved
Initiating Kalman filtering for particle: 1
Particle 1:
eta 4.123619002610064, phi -0.38843023883017547,
p 1.9297400117393764, q -1.60217662e-19,
brem = False
output State:
State Vector:
x:  [[-0.004182897549241234]
y:   [0.007835602119361566]
tx:  [-0.012263529136225915]
ty:  [0.02996797857712368]
q/p: [-0.15536211998903615]]
Covariance matrix:
[[ 5.5e-06  9.7e-11 -5.0e-06  5.7e-11 -1.1e-06]
 [ 9.7e-11  6.6e-06 -2.6e-10 -5.4e-06  1.4e-09]
 [-5.0e-06 -2.6e-10  1.4e-05 -2.1e-09  2.0e-06]
 [ 5.7e-11 -5.4e-06 -2.1e-09  1.8e-05 -1.9e-09]
 [-1.1e-06  1.4e-09  2.0e-06 -1.9e-09  3.2e-06]]
Data added to list for particle: 1
Particle 2:
eta 3.022504595909409, phi -0.4131745274773171,
p 2.0, q 1.60217662e-19,
brem = False
input State:
[[ 0.        ]
 [ 0.        ]
 [ 0.03918403]
 [-0.08937746]
 [ 0.14990425]]

Simulating particle
Particle track 2 is saved
Initiating Kalman filtering for particle: 2
Too small a gyroradius in calculating jacobian at z = 6.969999999999908
at vector index 0 and state vector
[[ 4.83288634]
 [-0.61235971]
 [23.98132319]
 [-0.08754325]
 [-0.27617213]]
Skip particle 2 because:The particle gets a very steep slope
                in the taylor expansion at z=6.969999999999908, with state =[[ 4.83288634]
 [-0.61235971]
 [23.98132319]
 [-0.08754325]
 [-0.27617213]]
Data added to list for particle: 2
Particle 3:
eta 4.697344547586952, phi -0.030062430498481875,
p 2.0, q -1.60217662e-19,
brem = False
input State:
[[ 0.        ]
 [ 0.        ]
 [ 0.00054827]
 [-0.0182322 ]
 [-0.14990425]]

Simulating particle
Particle track 3 is saved
Initiating Kalman filtering for particle: 3
Particle 3:
eta 4.16417748930691, phi -0.9555038368257257,
p 3.5830191908527023, q -1.60217662e-19,
brem = False
output State:
State Vector:
x:  [[-0.009252643642372702]
y:   [-0.010254439587442122]
tx:  [0.02539027868417356]
ty:  [-0.017946508875024192]
q/p: [-0.08367482373996085]]
Covariance matrix:
[[ 8.3e-06 -3.0e-10 -5.4e-06  2.6e-09 -1.2e-06]
 [-3.0e-10  7.6e-06  1.4e-09 -3.0e-06 -3.8e-09]
 [-5.4e-06  1.4e-09  1.6e-05 -1.5e-08  2.2e-06]
 [ 2.6e-09 -3.0e-06 -1.5e-08  2.5e-05  1.6e-08]
 [-1.2e-06 -3.8e-09  2.2e-06  1.6e-08  2.6e-06]]
Data added to list for particle: 3
Particle 4:
eta 4.448195477606158, phi 0.6097332394151043,
p 2.0, q 1.60217662e-19,
brem = False
input State:
[[0.        ]
 [0.        ]
 [0.01340143]
 [0.01918541]
 [0.14990425]]

Simulating particle
Particle track 4 is saved
Initiating Kalman filtering for particle: 4
Too small a gyroradius in calculating jacobian at z = 5.2699999999999445
at vector index 0 and state vector
[[ 2.06755936]
 [ 0.09891457]
 [14.37361993]
 [ 0.01863339]
 [-0.46622452]]
Skip particle 4 because:The particle gets a very steep slope
                in the taylor expansion at z=5.2699999999999445, with state =[[ 2.06755936]
 [ 0.09891457]
 [14.37361993]
 [ 0.01863339]
 [-0.46622452]]
Data added to list for particle: 4
Particle 5:
eta 2.5658135393985146, phi 0.3172790996507476,
p 2.0, q -1.60217662e-19,
brem = False
input State:
[[ 0.        ]
 [ 0.        ]
 [-0.04824082]
 [-0.14690888]
 [-0.14990425]]

Simulating particle
Particle track 5 is saved
Initiating Kalman filtering for particle: 5
Particle 5:
eta 2.586402782068762, phi 0.2578016963676047,
p 2.549809702386777, q -1.60217662e-19,
brem = False
output State:
State Vector:
x:  [[-0.005839205287544169]
y:   [-0.010882326775790752]
tx:  [-0.038610267686361166]
ty:  [-0.1464345887617516]
q/p: [-0.1175807351312759]]
Covariance matrix:
[[ 4.1e-06  2.8e-10 -2.8e-06 -4.1e-09 -5.6e-07]
 [ 2.8e-10  5.3e-06 -3.0e-09 -3.1e-06 -1.0e-08]
 [-2.8e-06 -3.0e-09  1.4e-05  3.8e-08  1.3e-06]
 [-4.1e-09 -3.1e-06  3.8e-08  2.3e-05  1.1e-08]
 [-5.6e-07 -1.0e-08  1.3e-06  1.1e-08  2.9e-06]]
Data added to list for particle: 5
Particle 6:
eta 4.2207850279954355, phi 0.36140459040057177,
p 2.0, q 1.60217662e-19,
brem = False
input State:
[[0.        ]
 [0.        ]
 [0.01038863]
 [0.02748261]
 [0.14990425]]

Simulating particle
Particle track 6 is saved
Initiating Kalman filtering for particle: 6
Too small a gyroradius in calculating jacobian at z = 5.179999999999946
at vector index 0 and state vector
[[ 1.9301361 ]
 [ 0.14948219]
 [11.90545154]
 [ 0.02857063]
 [-0.48926608]]
Skip particle 6 because:The particle gets a very steep slope
                in the taylor expansion at z=5.179999999999946, with state =[[ 1.9301361 ]
 [ 0.14948219]
 [11.90545154]
 [ 0.02857063]
 [-0.48926608]]
Data added to list for particle: 6
Particle 7:
eta 4.008733167822938, phi -0.9992623057089078,
p 2.0, q -1.60217662e-19,
brem = False
input State:
[[ 0.        ]
 [ 0.        ]
 [ 0.03055173]
 [-0.01964888]
 [-0.14990425]]

Simulating particle
Particle track 7 is saved
Initiating Kalman filtering for particle: 7
Particle 7:
eta 3.9953613252595117, phi -0.9850909400755687,
p 1.8150114079184396, q -1.60217662e-19,
brem = False
output State:
State Vector:
x:  [[0.005679731170565489]
y:   [-0.004566982569354916]
tx:  [0.03067797778900426]
ty:  [-0.020350344943800443]
q/p: [-0.165182707912197]]
Covariance matrix:
[[ 5.8e-06 -5.8e-10 -5.6e-06  2.3e-09 -1.2e-06]
 [-5.8e-10  4.8e-06  1.9e-09 -4.5e-06 -1.1e-09]
 [-5.6e-06  1.9e-09  1.5e-05 -7.6e-09  2.0e-06]
 [ 2.3e-09 -4.5e-06 -7.6e-09  1.9e-05  3.2e-09]
 [-1.2e-06 -1.1e-09  2.0e-06  3.2e-09  3.2e-06]]
Data added to list for particle: 7
Particle 8:
eta 3.045809364339061, phi -1.2830276224112858,
p 2.0, q 1.60217662e-19,
brem = False
input State:
[[ 0.        ]
 [ 0.        ]
 [ 0.09141116]
 [-0.02705628]
 [ 0.14990425]]

Simulating particle
Particle track 8 is saved
Initiating Kalman filtering for particle: 8
Too small a gyroradius in calculating jacobian at z = 6.6299999999999155
at vector index 0 and state vector
[[ 4.42269815]
 [-0.19004501]
 [20.0459916 ]
 [-0.02863065]
 [-0.27832558]]
Skip particle 8 because:The particle gets a very steep slope
                in the taylor expansion at z=6.6299999999999155, with state =[[ 4.42269815]
 [-0.19004501]
 [20.0459916 ]
 [-0.02863065]
 [-0.27832558]]
Data added to list for particle: 8
Particle 9:
eta 4.380864179872863, phi 0.25835255788695843,
p 2.0, q -1.60217662e-19,
brem = False
input State:
[[ 0.        ]
 [ 0.        ]
 [ 0.00639563]
 [ 0.02420221]
 [-0.14990425]]

Simulating particle
Particle track 9 is saved
Initiating Kalman filtering for particle: 9
Particle 9:
eta 4.29026371019629, phi 0.6433893221979491,
p 2.1681183498655394, q -1.60217662e-19,
brem = False
output State:
State Vector:
x:  [[-0.00017834528514109552]
y:   [0.010543387328187243]
tx:  [0.016442209904219393]
ty:  [0.021928052907481253]
q/p: [-0.1382805045075562]]
Covariance matrix:
[[ 6.1e-06  3.0e-10 -4.7e-06 -9.8e-10 -1.2e-06]
 [ 3.0e-10  8.7e-06 -1.4e-09 -5.3e-06  3.4e-09]
 [-4.7e-06 -1.4e-09  1.5e-05  4.4e-09  2.3e-06]
 [-9.8e-10 -5.3e-06  4.4e-09  2.1e-05 -6.6e-09]
 [-1.2e-06  3.4e-09  2.3e-06 -6.6e-09  3.2e-06]]
Data added to list for particle: 9
Particle 10:
eta 2.347235105426369, phi -0.09181869740097867,
p 2.0, q 1.60217662e-19,
brem = False
input State:
[[ 0.        ]
 [ 0.        ]
 [-0.01769904]
 [ 0.19221872]
 [ 0.14990425]]

Simulating particle
Particle track 10 is saved
Initiating Kalman filtering for particle: 10
Too small a gyroradius in calculating jacobian at z = 6.389999999999921
at vector index 0 and state vector
[[ 3.3945814 ]
 [ 1.23125724]
 [29.61432667]
 [ 0.1918963 ]
 [-0.32298573]]
Skip particle 10 because:The particle gets a very steep slope
                in the taylor expansion at z=6.389999999999921, with state =[[ 3.3945814 ]
 [ 1.23125724]
 [29.61432667]
 [ 0.1918963 ]
 [-0.32298573]]
Data added to list for particle: 10
Particle 11:
eta 4.383845339262284, phi -0.4543507694231628,
p 2.0, q -1.60217662e-19,
brem = False
input State:
[[ 0.        ]
 [ 0.        ]
 [-0.01095374]
 [ 0.02242633]
 [-0.14990425]]

Simulating particle
Particle track 11 is saved
Initiating Kalman filtering for particle: 11
Particle 11:
eta 4.493706242295336, phi -0.09969837910421907,
p 2.1376809437681623, q -1.60217662e-19,
brem = False
output State:
State Vector:
x:  [[-0.007966286819619795]
y:   [0.009507669329346602]
tx:  [-0.0022256703723759416]
ty:  [0.022250023383759105]
q/p: [-0.14024941379840083]]
Covariance matrix:
[[ 6.1e-06  1.3e-10 -4.7e-06 -1.7e-10 -1.2e-06]
 [ 1.3e-10  8.7e-06 -4.9e-10 -5.2e-06  2.7e-09]
 [-4.7e-06 -4.9e-10  1.5e-05 -1.8e-10  2.4e-06]
 [-1.7e-10 -5.2e-06 -1.8e-10  2.0e-05 -4.5e-09]
 [-1.2e-06  2.7e-09  2.4e-06 -4.5e-09  3.2e-06]]
Data added to list for particle: 11
Particle 12:
eta 2.275591445315017, phi -0.7747190756196553,
p 2.0, q 1.60217662e-19,
brem = False
input State:
[[ 0.        ]
 [ 0.        ]
 [-0.14526422]
 [ 0.14840041]
 [ 0.14990425]]

Simulating particle
Particle track 12 is saved
Initiating Kalman filtering for particle: 12
Particle 12:
eta 2.180430544198914, phi -0.8926218364024162,
p 45.931203181222905, q -1.60217662e-19,
brem = False
output State:
State Vector:
x:  [[0.005310726154016289]
y:   [0.007375461154506508]
tx:  [-0.1782553126882089]
ty:  [0.14361077792732857]
q/p: [-0.0065273382469123176]]
Covariance matrix:
[[ 5.5e-06 -5.0e-09 -3.6e-06  5.6e-08 -3.9e-07]
 [-5.0e-09  5.2e-06  3.2e-08 -3.0e-06 -3.5e-08]
 [-3.6e-06  3.2e-08  1.7e-05 -4.1e-07  4.7e-07]
 [ 5.6e-08 -3.0e-06 -4.1e-07  3.1e-05  2.0e-07]
 [-3.9e-07 -3.5e-08  4.7e-07  2.0e-07  1.3e-06]]
Data added to list for particle: 12
Particle 13:
eta 2.0119204946546434, phi 0.3958088755821357,
p 2.0, q -1.60217662e-19,
brem = False
input State:
[[ 0.        ]
 [ 0.        ]
 [ 0.1049995 ]
 [ 0.25127817]
 [-0.14990425]]

Simulating particle
Particle track 13 is saved
Initiating Kalman filtering for particle: 13
Particle 13:
eta 2.02018218672822, phi 0.4096219580733454,
p 1.7076889553400847, q -1.60217662e-19,
brem = False
output State:
State Vector:
x:  [[0.0022066247567041133]
y:   [0.012704042888023258]
tx:  [0.10753583887768162]
ty:  [0.24767466817620112]
q/p: [-0.17556388024527006]]
Covariance matrix:
[[ 7.8e-06  1.3e-09 -3.9e-06 -1.6e-08 -9.6e-07]
 [ 1.3e-09  7.5e-06 -1.1e-08 -2.2e-06  1.8e-08]
 [-3.9e-06 -1.1e-08  1.6e-05  1.9e-07  1.6e-06]
 [-1.6e-08 -2.2e-06  1.9e-07  2.6e-05 -6.3e-08]
 [-9.6e-07  1.8e-08  1.6e-06 -6.3e-08  3.4e-06]]
Data added to list for particle: 13
Particle 14:
eta 2.19665803894715, phi 0.06941443123544398,
p 2.0, q 1.60217662e-19,
brem = False
input State:
[[0.        ]
 [0.        ]
 [0.01561477]
 [0.22458853]
 [0.14990425]]

Simulating particle
Particle track 14 is saved
Initiating Kalman filtering for particle: 14
Too small a gyroradius in calculating jacobian at z = 6.789999999999912
at vector index 0 and state vector
[[ 4.42623092]
 [ 1.54103443]
 [47.74933855]
 [ 0.22609864]
 [-0.28733772]]
Skip particle 14 because:The particle gets a very steep slope
                in the taylor expansion at z=6.789999999999912, with state =[[ 4.42623092]
 [ 1.54103443]
 [47.74933855]
 [ 0.22609864]
 [-0.28733772]]
Data added to list for particle: 14
Particle 15:
eta 2.1054348351428813, phi 0.5651391529617362,
p 2.0, q -1.60217662e-19,
brem = False
input State:
[[ 0.        ]
 [ 0.        ]
 [ 0.13241224]
 [ 0.20880866]
 [-0.14990425]]

Simulating particle
Particle track 15 is saved
Initiating Kalman filtering for particle: 15
Particle 15:
eta 2.102894261227672, phi 0.5972604329233434,
p 1.761069179970309, q -1.60217662e-19,
brem = False
output State:
State Vector:
x:  [[0.0019791956861166006]
y:   [0.01060156183030216]
tx:  [0.13941439065707345]
ty:  [0.20498422960933915]
q/p: [-0.17024231794037284]]
Covariance matrix:
[[ 7.8e-06  1.6e-09 -4.0e-06 -2.2e-08 -9.2e-07]
 [ 1.6e-09  7.5e-06 -1.3e-08 -2.2e-06  2.2e-08]
 [-4.0e-06 -1.3e-08  1.6e-05  2.5e-07  1.5e-06]
 [-2.2e-08 -2.2e-06  2.5e-07  2.7e-05 -8.8e-08]
 [-9.2e-07  2.2e-08  1.5e-06 -8.8e-08  3.5e-06]]
Data added to list for particle: 15
Particle 16:
eta 2.619169902183378, phi -0.23662688203625803,
p 2.0, q 1.60217662e-19,
brem = False
input State:
[[ 0.        ]
 [ 0.        ]
 [-0.03434428]
 [ 0.14242199]
 [ 0.14990425]]

Simulating particle
Particle track 16 is saved
Initiating Kalman filtering for particle: 16
Too small a gyroradius in calculating jacobian at z = 5.6899999999999356
at vector index 0 and state vector
[[ 2.31339925]
 [ 0.78980864]
 [21.20070707]
 [ 0.1378706 ]
 [-0.40588615]]
Skip particle 16 because:The particle gets a very steep slope
                in the taylor expansion at z=5.6899999999999356, with state =[[ 2.31339925]
 [ 0.78980864]
 [21.20070707]
 [ 0.1378706 ]
 [-0.40588615]]
Data added to list for particle: 16
Particle 17:
eta 2.3360933188192656, phi 0.9803063458564103,
p 2.0, q -1.60217662e-19,
brem = False
input State:
[[ 0.        ]
 [ 0.        ]
 [ 0.16217562]
 [ 0.10870073]
 [-0.14990425]]

Simulating particle
Particle track 17 is saved
Initiating Kalman filtering for particle: 17
Particle 17:
eta 2.3167801489236006, phi 1.019778714280865,
p 1.6680247171640856, q -1.60217662e-19,
brem = False
output State:
State Vector:
x:  [[0.003729216046156212]
y:   [0.005375986955720806]
tx:  [0.1696456803007511]
ty:  [0.10424832555255498]
q/p: [-0.1797386430587314]]
Covariance matrix:
[[ 5.5e-06  1.9e-09 -3.5e-06 -2.3e-08 -6.9e-07]
 [ 1.9e-09  5.2e-06 -1.5e-08 -2.5e-06  1.1e-08]
 [-3.5e-06 -1.5e-08  1.7e-05  2.1e-07  1.4e-06]
 [-2.3e-08 -2.5e-06  2.1e-07  2.6e-05 -6.2e-08]
 [-6.9e-07  1.1e-08  1.4e-06 -6.2e-08  3.5e-06]]
Data added to list for particle: 17
Particle 18:
eta 2.1150433976974776, phi 0.8312425479054557,
p 2.0, q 1.60217662e-19,
brem = False
input State:
[[0.        ]
 [0.        ]
 [0.1808644 ]
 [0.16499746]
 [0.14990425]]

Simulating particle
Particle track 18 is saved
Initiating Kalman filtering for particle: 18
Too small a gyroradius in calculating jacobian at z = 6.219999999999924
at vector index 0 and state vector
[[ 4.26918704]
 [ 1.02261189]
 [15.54142105]
 [ 0.16368519]
 [-0.27254632]]
Skip particle 18 because:The particle gets a very steep slope
                in the taylor expansion at z=6.219999999999924, with state =[[ 4.26918704]
 [ 1.02261189]
 [15.54142105]
 [ 0.16368519]
 [-0.27254632]]
Data added to list for particle: 18
Particle 19:
eta 3.092660738720944, phi -0.40434691963146385,
p 2.0, q -1.60217662e-19,
brem = False
input State:
[[ 0.        ]
 [ 0.        ]
 [ 0.03578117]
 [-0.0836152 ]
 [-0.14990425]]

Simulating particle
Particle track 19 is saved
Initiating Kalman filtering for particle: 19
Particle 19:
eta 3.0518770854775865, phi -0.4906809923767924,
p 2.207107458045441, q -1.60217662e-19,
brem = False
output State:
State Vector:
x:  [[0.0005111929887078935]
y:   [-0.008607800698951649]
tx:  [0.044649639253987905]
ty:  [-0.08357236497691016]
q/p: [-0.1358377446275316]]
Covariance matrix:
[[ 4.6e-06 -4.9e-10 -3.7e-06  3.2e-09 -7.0e-07]
 [-4.9e-10  4.1e-06  1.7e-09 -2.9e-06 -7.0e-09]
 [-3.7e-06  1.7e-09  1.4e-05 -8.4e-09  1.4e-06]
 [ 3.2e-09 -2.9e-06 -8.4e-09  2.3e-05  2.7e-08]
 [-7.0e-07 -7.0e-09  1.4e-06  2.7e-08  3.2e-06]]
Data added to list for particle: 19
Particle 20:
eta 4.7381168468196915, phi 0.7639728629168903,
p 3.0, q 1.60217662e-19,
brem = False
input State:
[[ 0.        ]
 [ 0.        ]
 [-0.01211443]
 [-0.01264499]
 [ 0.09993617]]

Simulating particle
Particle track 20 is saved
Initiating Kalman filtering for particle: 20
Too small a gyroradius in calculating jacobian at z = 3.5099999999999816
at vector index 0 and state vector
[[ -0.92444155]
 [ -0.04444424]
 [-13.28729385]
 [ -0.01260033]
 [  2.12337632]]
Skip particle 20 because:The particle gets a very steep slope
                in the taylor expansion at z=3.5099999999999816, with state =[[ -0.92444155]
 [ -0.04444424]
 [-13.28729385]
 [ -0.01260033]
 [  2.12337632]]
Data added to list for particle: 20
Particle 21:
eta 2.693731393707881, phi -0.5993632466317045,
p 3.0, q -1.60217662e-19,
brem = False
input State:
[[ 0.        ]
 [ 0.        ]
 [-0.07665089]
 [ 0.11219352]
 [-0.09993617]]

Simulating particle
Particle track 21 is saved
Initiating Kalman filtering for particle: 21
Particle 21:
eta 2.720019981252294, phi -0.573049845821687,
p 3.483130930069566, q -1.60217662e-19,
brem = False
output State:
State Vector:
x:  [[-0.006678294074627641]
y:   [0.008236385348688655]
tx:  [-0.07174410780861472]
ty:  [0.1111829370872634]
q/p: [-0.08607442708032488]]
Covariance matrix:
[[ 4.1e-06 -4.3e-10 -2.3e-06  3.7e-09 -7.1e-07]
 [-4.3e-10  4.0e-06  4.1e-09 -2.0e-06  4.6e-09]
 [-2.3e-06  4.1e-09  8.3e-06 -3.4e-08  2.0e-06]
 [ 3.7e-09 -2.0e-06 -3.4e-08  1.1e-05 -5.4e-09]
 [-7.1e-07  4.6e-09  2.0e-06 -5.4e-09  2.3e-06]]
Data added to list for particle: 21
Particle 22:
eta 4.313213335608245, phi -0.9283698012822329,
p 3.0, q 1.60217662e-19,
brem = False
input State:
[[ 0.        ]
 [ 0.        ]
 [ 0.02144582]
 [-0.01604839]
 [ 0.09993617]]

Simulating particle
Particle track 22 is saved
Initiating Kalman filtering for particle: 22
Particle 22:
eta 4.7272815918939814, phi 0.2903235104914252,
p 13.325744908635748, q 1.60217662e-19,
brem = False
output State:
State Vector:
x:  [[0.018933339850966714]
y:   [-0.0069954882938866]
tx:  [-0.005067523006271217]
ty:  [-0.01696156054329677]
q/p: [0.0224984420238456]]
Covariance matrix:
[[ 5.9e-06  2.3e-10 -3.8e-06 -4.7e-10 -8.5e-07]
 [ 2.3e-10  8.7e-06 -4.1e-10 -5.1e-06  8.1e-09]
 [-3.8e-06 -4.1e-10  9.7e-06  3.3e-10  1.6e-06]
 [-4.7e-10 -5.1e-06  3.3e-10  1.8e-05 -2.3e-08]
 [-8.5e-07  8.1e-09  1.6e-06 -2.3e-08  1.1e-06]]
Data added to list for particle: 22
Particle 23:
eta 2.0833201372505314, phi 1.0790076406102334,
p 3.0, q -1.60217662e-19,
brem = False
input State:
[[ 0.        ]
 [ 0.        ]
 [-0.22297642]
 [-0.11944577]
 [-0.09993617]]

Simulating particle
Particle track 23 is saved
Initiating Kalman filtering for particle: 23
Particle 23:
eta 2.1108654676250174, phi 1.0624220569981937,
p 3.595425364884178, q -1.60217662e-19,
brem = False
output State:
State Vector:
x:  [[-0.012255690188345731]
y:   [-0.005930505662787664]
tx:  [-0.21477997646061406]
ty:  [-0.11968104316655372]
q/p: [-0.08338610006472905]]
Covariance matrix:
[[ 7.8e-06  3.9e-10 -3.4e-06 -1.1e-08 -1.0e-06]
 [ 3.9e-10  7.5e-06 -4.4e-09 -1.5e-06 -5.8e-09]
 [-3.4e-06 -4.4e-09  8.8e-06  1.2e-07  1.8e-06]
 [-1.1e-08 -1.5e-06  1.2e-07  1.1e-05 -1.9e-08]
 [-1.0e-06 -5.8e-09  1.8e-06 -1.9e-08  1.9e-06]]
Data added to list for particle: 23
Particle 24:
eta 4.5425947807327205, phi 1.1781213369176111,
p 3.0, q 1.60217662e-19,
brem = False
input State:
[[0.        ]
 [0.        ]
 [0.0196732 ]
 [0.00814835]
 [0.09993617]]

Simulating particle
Particle track 24 is saved
Initiating Kalman filtering for particle: 24
Particle 24:
eta 5.08670009778909, phi -0.7021115605165625,
p 14.916585080852531, q 1.60217662e-19,
brem = False
output State:
State Vector:
x:  [[0.018541167646972573]
y:   [0.003955037198216943]
tx:  [-0.007980679184583749]
ty:  [0.009434492788375477]
q/p: [0.0200990037348657]]
Covariance matrix:
[[ 5.9e-06 -1.3e-10 -3.8e-06  2.8e-10 -8.3e-07]
 [-1.3e-10  8.6e-06  2.6e-10 -4.5e-06 -4.3e-09]
 [-3.8e-06  2.6e-10  9.6e-06 -3.2e-10  1.6e-06]
 [ 2.8e-10 -4.5e-06 -3.2e-10  1.6e-05  1.2e-08]
 [-8.3e-07 -4.3e-09  1.6e-06  1.2e-08  1.1e-06]]
Data added to list for particle: 24
Particle 25:
eta 2.236912458130226, phi -1.1997695269155553,
p 3.0, q -1.60217662e-19,
brem = False
input State:
[[ 0.        ]
 [ 0.        ]
 [ 0.20133878]
 [-0.07832983]
 [-0.09993617]]

Simulating particle
Particle track 25 is saved
Initiating Kalman filtering for particle: 25
Particle 25:
eta 2.229268279398434, phi -1.1971978862716177,
p 2.561938505665582, q -1.60217662e-19,
brem = False
output State:
State Vector:
x:  [[0.007504233369077143]
y:   [-0.0035587072438079377]
tx:  [0.20271612151056778]
ty:  [-0.0794664929256572]
q/p: [-0.11702408101852854]]
Covariance matrix:
[[ 7.8e-06 -1.3e-09 -3.5e-06  1.6e-08 -1.1e-06]
 [-1.3e-09  5.1e-06  1.3e-08 -1.6e-06 -1.1e-08]
 [-3.5e-06  1.3e-08  9.5e-06 -1.7e-07  2.2e-06]
 [ 1.6e-08 -1.6e-06 -1.7e-07  1.3e-05  7.4e-08]
 [-1.1e-06 -1.1e-08  2.2e-06  7.4e-08  2.8e-06]]
Data added to list for particle: 25
Particle 26:
eta 4.515181845711788, phi -0.0851036627063074,
p 3.0, q 1.60217662e-19,
brem = False
input State:
[[ 0.        ]
 [ 0.        ]
 [-0.00186032]
 [ 0.02180664]
 [ 0.09993617]]

Simulating particle
Particle track 26 is saved
Initiating Kalman filtering for particle: 26
Particle 26:
eta 3.5764394610769044, phi -1.187463250131474,
p 14.53404618960181, q -1.60217662e-19,
brem = False
output State:
State Vector:
x:  [[0.018962081484459613]
y:   [0.009933868888957757]
tx:  [-0.05193020432204205]
ty:  [0.020942552589695653]
q/p: [-0.020628013379095422]]
Covariance matrix:
[[ 5.8e-06 -2.4e-09 -3.5e-06  7.5e-09 -6.0e-07]
 [-2.4e-09  8.9e-06  5.7e-09 -5.6e-06 -1.2e-08]
 [-3.5e-06  5.7e-09  9.2e-06 -1.8e-08  1.0e-06]
 [ 7.5e-09 -5.6e-06 -1.8e-08  2.0e-05  3.7e-08]
 [-6.0e-07 -1.2e-08  1.0e-06  3.7e-08  5.4e-07]]
Data added to list for particle: 26
Particle 27:
eta 4.243598000458962, phi 0.4728608840376413,
p 3.0, q -1.60217662e-19,
brem = False
input State:
[[ 0.        ]
 [ 0.        ]
 [-0.01307901]
 [-0.0255664 ]
 [-0.09993617]]

Simulating particle
Particle track 27 is saved
Initiating Kalman filtering for particle: 27
Particle 27:
eta 4.36956796433445, phi 0.37062075015223644,
p 3.3288008949270473, q -1.60217662e-19,
brem = False
output State:
State Vector:
x:  [[-0.005662629339461174]
y:   [-0.007974715872655481]
tx:  [-0.009169838643399956]
ty:  [-0.023598482655630026]
q/p: [-0.09006501401402306]]
Covariance matrix:
[[ 7.7e-06 -6.4e-11 -5.8e-06 -1.2e-11 -1.9e-06]
 [-6.4e-11  5.9e-06  1.1e-10 -3.3e-06 -2.4e-09]
 [-5.8e-06  1.1e-10  1.1e-05  4.2e-10  3.1e-06]
 [-1.2e-11 -3.3e-06  4.2e-10  1.1e-05  4.8e-09]
 [-1.9e-06 -2.4e-09  3.1e-06  4.8e-09  2.7e-06]]
Data added to list for particle: 27
Particle 28:
eta 3.7862927520590044, phi 0.48882676878414144,
p 3.0, q 1.60217662e-19,
brem = False
input State:
[[ 0.        ]
 [ 0.        ]
 [-0.02131114]
 [-0.04006741]
 [ 0.09993617]]

Simulating particle
Particle track 28 is saved
Initiating Kalman filtering for particle: 28
Too small a gyroradius in calculating jacobian at z = 4.289999999999965
at vector index 0 and state vector
[[ 1.17816246]
 [-0.17276287]
 [18.79870768]
 [-0.03978703]
 [-0.91640842]]
Skip particle 28 because:The particle gets a very steep slope
                in the taylor expansion at z=4.289999999999965, with state =[[ 1.17816246]
 [-0.17276287]
 [18.79870768]
 [-0.03978703]
 [-0.91640842]]
Data added to list for particle: 28
Particle 29:
eta 3.9872232127616485, phi 0.7684492665433856,
p 3.0, q -1.60217662e-19,
brem = False
input State:
[[ 0.        ]
 [ 0.        ]
 [ 0.02579577]
 [ 0.02668535]
 [-0.09993617]]

Simulating particle
Particle track 29 is saved
Initiating Kalman filtering for particle: 29
Particle 29:
eta 4.001421823148683, phi 0.7698261490597765,
p 2.881007918916729, q -1.60217662e-19,
brem = False
output State:
State Vector:
x:  [[0.005302096776868366]
y:   [0.005908618934524466]
tx:  [0.02546804560887542]
ty:  [0.02627383606461212]
q/p: [-0.10406375396712768]]
Covariance matrix:
[[ 5.5e-06  2.5e-10 -4.3e-06 -9.4e-10 -1.5e-06]
 [ 2.5e-10  4.4e-06 -8.2e-10 -2.4e-06  6.5e-10]
 [-4.3e-06 -8.2e-10  9.3e-06  3.4e-09  2.7e-06]
 [-9.4e-10 -2.4e-06  3.4e-09  8.8e-06 -1.8e-09]
 [-1.5e-06  6.5e-10  2.7e-06 -1.8e-09  2.5e-06]]
Data added to list for particle: 29
Particle 30:
eta 3.453805741860059, phi 0.8321490126535747,
p 3.0, q 1.60217662e-19,
brem = False
input State:
[[ 0.        ]
 [ 0.        ]
 [-0.04681268]
 [-0.04262819]
 [ 0.09993617]]

Simulating particle
Particle track 30 is saved
Initiating Kalman filtering for particle: 30
Too small a gyroradius in calculating jacobian at z = 5.069999999999949
at vector index 0 and state vector
[[ 1.63934208]
 [-0.20581893]
 [17.69698909]
 [-0.04018287]
 [-0.5429118 ]]
Skip particle 30 because:The particle gets a very steep slope
                in the taylor expansion at z=5.069999999999949, with state =[[ 1.63934208]
 [-0.20581893]
 [17.69698909]
 [-0.04018287]
 [-0.5429118 ]]
Data added to list for particle: 30
Particle 31:
eta 3.0675945459494978, phi 1.5204203382147614,
p 3.0, q -1.60217662e-19,
brem = False
input State:
[[ 0.        ]
 [ 0.        ]
 [-0.09314954]
 [-0.00469647]
 [-0.09993617]]

Simulating particle
Particle track 31 is saved
Initiating Kalman filtering for particle: 31
Particle 31:
eta 3.104253600822292, phi 1.497188717574147,
p 3.6083241700535873, q -1.60217662e-19,
brem = False
output State:
State Vector:
x:  [[-0.010587376240000711]
y:   [-0.00030569869868145153]
tx:  [-0.08965344577515812]
ty:  [-0.00661111997615046]
q/p: [-0.08308801679729472]]
Covariance matrix:
[[ 5.4e-06  3.8e-11 -2.8e-06 -3.9e-10 -9.1e-07]
 [ 3.8e-11  4.0e-06 -3.2e-10 -1.8e-06 -2.6e-10]
 [-2.8e-06 -3.2e-10  8.7e-06  3.3e-09  2.1e-06]
 [-3.9e-10 -1.8e-06  3.3e-09  1.2e-05  1.6e-10]
 [-9.1e-07 -2.6e-10  2.1e-06  1.6e-10  2.3e-06]]
Data added to list for particle: 31
Particle 32:
eta 2.1936133285363653, phi -0.15637971501467227,
p 3.0, q 1.60217662e-19,
brem = False
input State:
[[ 0.        ]
 [ 0.        ]
 [ 0.03517217]
 [-0.22307874]
 [ 0.09993617]]

Simulating particle
Particle track 32 is saved
Initiating Kalman filtering for particle: 32
Particle 32:
eta 2.2066564832192714, phi -0.10945842075094964,
p 4.839521980440119, q 1.60217662e-19,
brem = False
output State:
State Vector:
x:  [[0.005701268597258248]
y:   [-0.010531870783790299]
tx:  [0.02434257218622903]
ty:  [-0.22150216471944287]
q/p: [0.06195002325916321]]
Covariance matrix:
[[ 7.8e-06  1.5e-10 -3.4e-06  2.5e-09 -9.5e-07]
 [ 1.5e-10  5.1e-06  1.5e-09 -1.8e-06  2.6e-08]
 [-3.4e-06  1.5e-09  8.7e-06 -3.2e-08  1.6e-06]
 [ 2.5e-09 -1.8e-06 -3.2e-08  1.4e-05 -1.1e-07]
 [-9.5e-07  2.6e-08  1.6e-06 -1.1e-07  1.8e-06]]
Data added to list for particle: 32
Particle 33:
eta 4.993950901962676, phi -0.5117561537658599,
p 3.0, q -1.60217662e-19,
brem = False
input State:
[[ 0.        ]
 [ 0.        ]
 [-0.00663961]
 [ 0.01182127]
 [-0.09993617]]

Simulating particle
Particle track 33 is saved
Initiating Kalman filtering for particle: 33
Particle 33:
eta 5.121125596043572, phi 0.28109277422556583,
p 3.801925115170337, q -1.60217662e-19,
brem = False
output State:
State Vector:
x:  [[-0.007035853750215839]
y:   [0.0071360075777110185]
tx:  [0.003311953753698159]
ty:  [0.011470453113721977]
q/p: [-0.07885702378913498]]
Covariance matrix:
[[ 8.3e-06  2.5e-11 -4.9e-06  9.3e-11 -1.7e-06]
 [ 2.5e-11  7.5e-06 -3.2e-11 -1.7e-06  1.5e-09]
 [-4.9e-06 -3.2e-11  1.1e-05 -8.9e-10  3.4e-06]
 [ 9.3e-11 -1.7e-06 -8.9e-10  1.1e-05 -4.4e-09]
 [-1.7e-06  1.5e-09  3.4e-06 -4.4e-09  2.8e-06]]
Data added to list for particle: 33
Particle 34:
eta 2.0531154805940304, phi -0.6938166891945409,
p 3.0, q 1.60217662e-19,
brem = False
input State:
[[ 0.        ]
 [ 0.        ]
 [-0.16688215]
 [ 0.20063426]
 [ 0.09993617]]

Simulating particle
Particle track 34 is saved
Initiating Kalman filtering for particle: 34
Particle 34:
eta 2.0306366720132614, phi -0.729419109617133,
p 3.3758783550428, q 1.60217662e-19,
brem = False
output State:
State Vector:
x:  [[-0.0035950081332385654]
y:   [0.010051797149389103]
tx:  [-0.17800876458260367]
ty:  [0.19914347074974234]
q/p: [0.08880903507783412]]
Covariance matrix:
[[ 7.8e-06 -1.5e-09 -3.5e-06  2.0e-08 -1.0e-06]
 [-1.5e-09  7.5e-06  9.2e-09 -1.8e-06 -3.9e-08]
 [-3.5e-06  9.2e-09  9.6e-06 -1.9e-07  1.9e-06]
 [ 2.0e-08 -1.8e-06 -1.9e-07  1.5e-05  2.1e-07]
 [-1.0e-06 -3.9e-08  1.9e-06  2.1e-07  2.7e-06]]
Data added to list for particle: 34
Particle 35:
eta 4.869801280932602, phi 0.9161112434862289,
p 3.0, q -1.60217662e-19,
brem = False
input State:
[[ 0.        ]
 [ 0.        ]
 [ 0.01217677]
 [ 0.00934718]
 [-0.09993617]]

Simulating particle
Particle track 35 is saved
Initiating Kalman filtering for particle: 35
Particle 35:
eta 4.7481926558012155, phi 1.0475230161352929,
p 2.886641894650836, q -1.60217662e-19,
brem = False
output State:
State Vector:
x:  [[0.006706123532880808]
y:   [0.00571501377352726]
tx:  [0.015016231707657956]
ty:  [0.008663110300061996]
q/p: [-0.10386064852972052]]
Covariance matrix:
[[ 8.2e-06  2.0e-11 -4.7e-06 -6.5e-11 -1.8e-06]
 [ 2.0e-11  7.5e-06 -1.0e-10 -1.5e-06  3.9e-11]
 [-4.7e-06 -1.0e-10  1.1e-05  4.8e-10  3.8e-06]
 [-6.5e-11 -1.5e-06  4.8e-10  8.4e-06 -2.1e-10]
 [-1.8e-06  3.9e-11  3.8e-06 -2.1e-10  2.8e-06]]
Data added to list for particle: 35
Particle 36:
eta 4.669734948274459, phi 0.8666623610307925,
p 3.0, q 1.60217662e-19,
brem = False
input State:
[[ 0.        ]
 [ 0.        ]
 [-0.01429162]
 [-0.01213901]
 [ 0.09993617]]

Simulating particle
Particle track 36 is saved
Initiating Kalman filtering for particle: 36
Particle 36:
eta 4.478174302046823, phi 1.0245999363167737,
p 3.296751160215178, q 1.60217662e-19,
brem = False
output State:
State Vector:
x:  [[-0.0045390777071560445]
y:   [-0.00548295756425265]
tx:  [-0.01940684525348844]
ty:  [-0.011797110435484159]
q/p: [0.09094059110968163]]
Covariance matrix:
[[ 6.0e-06  1.2e-10 -3.9e-06 -4.3e-10 -1.5e-06]
 [ 1.2e-10  8.2e-06 -5.1e-10 -2.7e-06  2.0e-09]
 [-3.9e-06 -5.1e-10  9.1e-06  2.1e-09  3.4e-06]
 [-4.3e-10 -2.7e-06  2.1e-09  8.0e-06 -4.5e-09]
 [-1.5e-06  2.0e-09  3.4e-06 -4.5e-09  2.5e-06]]
Data added to list for particle: 36
Particle 37:
eta 2.4869296257409097, phi 0.27806959690656213,
p 3.0, q -1.60217662e-19,
brem = False
input State:
[[ 0.        ]
 [ 0.        ]
 [ 0.04597551]
 [ 0.16105456]
 [-0.09993617]]

Simulating particle
Particle track 37 is saved
Initiating Kalman filtering for particle: 37
Particle 37:
eta 2.4846273016601423, phi 0.2986339912435958,
p 3.0805757048460953, q -1.60217662e-19,
brem = False
output State:
State Vector:
x:  [[0.001013894784690525]
y:   [0.007315228065592947]
tx:  [0.04939271888337017]
ty:  [0.16044923719501603]
q/p: [-0.09732223064015735]]
Covariance matrix:
[[ 5.4e-06  5.8e-10 -2.8e-06 -4.7e-09 -9.1e-07]
 [ 5.8e-10  3.9e-06 -4.4e-09 -1.7e-06  1.0e-08]
 [-2.8e-06 -4.4e-09  8.8e-06  4.1e-08  2.1e-06]
 [-4.7e-09 -1.7e-06  4.1e-08  1.2e-05 -4.1e-08]
 [-9.1e-07  1.0e-08  2.1e-06 -4.1e-08  2.6e-06]]
Data added to list for particle: 37
Particle 38:
eta 4.900515405533439, phi -0.978070978270599,
p 3.0, q 1.60217662e-19,
brem = False
input State:
[[ 0.        ]
 [ 0.        ]
 [ 0.01234703]
 [-0.00831585]
 [ 0.09993617]]

Simulating particle
Particle track 38 is saved
Initiating Kalman filtering for particle: 38
Particle 38:
eta 5.282596301913283, phi 0.5273452044231643,
p 5.428504216367349, q 1.60217662e-19,
brem = False
output State:
State Vector:
x:  [[0.013139956498355372]
y:   [-0.004923314177107173]
tx:  [-0.0051122817467785485]
ty:  [-0.008778614100786302]
q/p: [0.05522856523672798]]
Covariance matrix:
[[ 8.2e-06  3.4e-11 -4.8e-06 -6.0e-11 -1.4e-06]
 [ 3.4e-11  7.6e-06 -7.4e-11 -2.2e-06  1.6e-09]
 [-4.8e-06 -7.4e-11  1.1e-05 -6.1e-11  2.8e-06]
 [-6.0e-11 -2.2e-06 -6.1e-11  1.5e-05 -6.7e-09]
 [-1.4e-06  1.6e-09  2.8e-06 -6.7e-09  2.2e-06]]
Data added to list for particle: 38
Particle 39:
eta 3.197873093119676, phi -0.9307585010454988,
p 3.0, q -1.60217662e-19,
brem = False
input State:
[[ 0.        ]
 [ 0.        ]
 [ 0.06563729]
 [-0.0488737 ]
 [-0.09993617]]

Simulating particle
Particle track 39 is saved
Initiating Kalman filtering for particle: 39
Particle 39:
eta 3.1760635430117894, phi -0.9319477036413195,
p 2.895162340885543, q -1.60217662e-19,
brem = False
output State:
State Vector:
x:  [[0.0058910482785372465]
y:   [-0.004893674041541585]
tx:  [0.0671488914611304]
ty:  [-0.04987522301365556]
q/p: [-0.10355498723425458]]
Covariance matrix:
[[ 4.4e-06 -2.6e-10 -2.9e-06  2.2e-09 -9.4e-07]
 [-2.6e-10  3.9e-06  1.5e-09 -1.6e-06 -2.4e-09]
 [-2.9e-06  1.5e-09  8.8e-06 -1.4e-08  2.2e-06]
 [ 2.2e-09 -1.6e-06 -1.4e-08  1.1e-05  1.0e-08]
 [-9.4e-07 -2.4e-09  2.2e-06  1.0e-08  2.5e-06]]
Data added to list for particle: 39
Particle 40:
eta 2.710044911124298, phi 0.5145818880655072,
p 4.0, q 1.60217662e-19,
brem = False
input State:
[[ 0.        ]
 [ 0.        ]
 [-0.06578323]
 [-0.11635024]
 [ 0.07495212]]

Simulating particle
Particle track 40 is saved
Initiating Kalman filtering for particle: 40
Particle 40:
eta 2.7044012362165057, phi 0.5558991085826069,
p 4.615130628041992, q 1.60217662e-19,
brem = False
output State:
State Vector:
x:  [[-0.0036504787339221726]
y:   [-0.008752409309325259]
tx:  [-0.07093575827849011]
ty:  [-0.11418206039846396]
q/p: [0.0649620830729754]]
Covariance matrix:
[[ 4.1e-06  2.7e-10 -2.2e-06 -1.0e-09 -7.5e-07]
 [ 2.7e-10  4.0e-06 -1.0e-09 -1.7e-06  1.3e-08]
 [-2.2e-06 -1.0e-09  7.1e-06 -2.8e-09  2.2e-06]
 [-1.0e-09 -1.7e-06 -2.8e-09  8.9e-06 -5.5e-08]
 [-7.5e-07  1.3e-08  2.2e-06 -5.5e-08  2.3e-06]]
Data added to list for particle: 40
Particle 41:
eta 3.8986775095623103, phi 1.1816071495240676,
p 4.0, q -1.60217662e-19,
brem = False
input State:
[[ 0.        ]
 [ 0.        ]
 [-0.0375213 ]
 [-0.01538777]
 [-0.07495212]]

Simulating particle
Particle track 41 is saved
Initiating Kalman filtering for particle: 41
Particle 41:
eta 3.9477686997084773, phi 1.1353271210478182,
p 4.102865092798235, q -1.60217662e-19,
brem = False
output State:
State Vector:
x:  [[-0.007783161737281396]
y:   [-0.0027568083505156243]
tx:  [-0.035006436383132555]
ty:  [-0.016286999965722623]
q/p: [-0.07307296059471985]]
Covariance matrix:
[[ 4.1e-06  3.9e-11 -3.0e-06 -2.1e-10 -1.2e-06]
 [ 3.9e-11  4.4e-06 -1.8e-10 -2.1e-06 -3.5e-10]
 [-3.0e-06 -1.8e-10  7.1e-06  1.1e-09  2.6e-06]
 [-2.1e-10 -2.1e-06  1.1e-09  6.4e-06  5.3e-10]
 [-1.2e-06 -3.5e-10  2.6e-06  5.3e-10  2.1e-06]]
Data added to list for particle: 41
Particle 42:
eta 2.073831003225293, phi 0.6788793907099864,
p 4.0, q 1.60217662e-19,
brem = False
input State:
[[0.        ]
 [0.        ]
 [0.16039804]
 [0.19880531]
 [0.07495212]]

Simulating particle
Particle track 42 is saved
Initiating Kalman filtering for particle: 42
Particle 42:
eta 2.091608388098365, phi 0.6624858383008309,
p 4.7349469273041525, q 1.60217662e-19,
brem = False
output State:
State Vector:
x:  [[0.009325163946402548]
y:   [0.00995082958058532]
tx:  [0.154262537628895]
ty:  [0.19774820274675683]
q/p: [0.06331823858946468]]
Covariance matrix:
[[ 7.8e-06  2.1e-10 -3.3e-06 -9.4e-09 -1.0e-06]
 [ 2.1e-10  7.5e-06 -3.1e-09 -1.4e-06 -1.6e-08]
 [-3.3e-06 -3.1e-09  7.0e-06  8.8e-08  1.9e-06]
 [-9.4e-09 -1.4e-06  8.8e-08  8.8e-06  1.8e-08]
 [-1.0e-06 -1.6e-08  1.9e-06  1.8e-08  1.6e-06]]
Data added to list for particle: 42
Particle 43:
eta 2.6473999258647423, phi -0.5934499447566007,
p 4.0, q -1.60217662e-19,
brem = False
input State:
[[ 0.        ]
 [ 0.        ]
 [ 0.07962502]
 [-0.11803927]
 [-0.07495212]]

Simulating particle
Particle track 43 is saved
Initiating Kalman filtering for particle: 43
Particle 43:
eta 2.645748322254236, phi -0.6014995341712708,
p 3.9398047077460934, q -1.60217662e-19,
brem = False
output State:
State Vector:
x:  [[0.005331545031349644]
y:   [-0.008582113379288955]
tx:  [0.08070712610166937]
ty:  [-0.11759051344777341]
q/p: [-0.0760972996103183]]
Covariance matrix:
[[ 4.1e-06 -4.5e-10 -2.1e-06  3.0e-09 -8.0e-07]
 [-4.5e-10  4.0e-06  3.7e-09 -1.5e-06 -7.4e-09]
 [-2.1e-06  3.7e-09  6.8e-06 -2.8e-08  2.3e-06]
 [ 3.0e-09 -1.5e-06 -2.8e-08  7.6e-06  2.9e-08]
 [-8.0e-07 -7.4e-09  2.3e-06  2.9e-08  2.2e-06]]
Data added to list for particle: 43
Particle 44:
eta 4.114076978234763, phi -0.07413214623220288,
p 4.0, q 1.60217662e-19,
brem = False
input State:
[[ 0.        ]
 [ 0.        ]
 [-0.00242122]
 [ 0.03260098]
 [ 0.07495212]]

Simulating particle
Particle track 44 is saved
Initiating Kalman filtering for particle: 44
Too small a gyroradius in calculating jacobian at z = 5.449999999999941
at vector index 0 and state vector
[[ 2.17202099]
 [ 0.17586343]
 [12.86770148]
 [ 0.03196329]
 [-0.43366352]]
Skip particle 44 because:The particle gets a very steep slope
                in the taylor expansion at z=5.449999999999941, with state =[[ 2.17202099]
 [ 0.17586343]
 [12.86770148]
 [ 0.03196329]
 [-0.43366352]]
Data added to list for particle: 44
Particle 45:
eta 3.935211946249374, phi 1.0497900380494016,
p 4.0, q -1.60217662e-19,
brem = False
input State:
[[ 0.        ]
 [ 0.        ]
 [ 0.03391047]
 [ 0.01946118]
 [-0.07495212]]

Simulating particle
Particle track 45 is saved
Initiating Kalman filtering for particle: 45
Particle 45:
eta 3.9824464568165263, phi 1.034956689350646,
p 3.966592090780387, q -1.60217662e-19,
brem = False
output State:
State Vector:
x:  [[0.007364605874548137]
y:   [0.004418120429039233]
tx:  [0.03206595395317067]
ty:  [0.01904039187900697]
q/p: [-0.0755833956177008]]
Covariance matrix:
[[ 5.4e-06  1.3e-10 -3.9e-06 -5.2e-10 -1.6e-06]
 [ 1.3e-10  4.3e-06 -4.3e-10 -1.8e-06  7.0e-10]
 [-3.9e-06 -4.3e-10  7.9e-06  1.9e-09  2.9e-06]
 [-5.2e-10 -1.8e-06  1.9e-09  6.2e-06 -1.7e-09]
 [-1.6e-06  7.0e-10  2.9e-06 -1.7e-09  2.3e-06]]
Data added to list for particle: 45
Particle 46:
eta 4.517961409751759, phi -1.1464912679643093,
p 4.0, q 1.60217662e-19,
brem = False
input State:
[[ 0.        ]
 [ 0.        ]
 [ 0.01988975]
 [-0.00898512]
 [ 0.07495212]]

Simulating particle
Particle track 46 is saved
Initiating Kalman filtering for particle: 46
Particle 46:
eta 4.891799538864155, phi -1.0130487711271887,
p 5.745056629633575, q 1.60217662e-19,
brem = False
output State:
State Vector:
x:  [[0.011102923332693184]
y:   [-0.00394397050288095]
tx:  [0.012740864349433875]
ty:  [-0.007947956966979]
q/p: [0.05218547328237895]]
Covariance matrix:
[[ 5.9e-06  1.4e-12 -3.7e-06  3.6e-11 -1.3e-06]
 [ 1.4e-12  8.3e-06  3.4e-11 -3.4e-06  1.8e-09]
 [-3.7e-06  3.4e-11  8.6e-06 -2.9e-10  2.8e-06]
 [ 3.6e-11 -3.4e-06 -2.9e-10  1.1e-05 -4.2e-09]
 [-1.3e-06  1.8e-09  2.8e-06 -4.2e-09  2.2e-06]]
Data added to list for particle: 46
Particle 47:
eta 4.169250491992759, phi -0.20785098099853175,
p 4.0, q -1.60217662e-19,
brem = False
input State:
[[ 0.        ]
 [ 0.        ]
 [ 0.00638369]
 [-0.03026926]
 [-0.07495212]]

Simulating particle
Particle track 47 is saved
Initiating Kalman filtering for particle: 47
Particle 47:
eta 4.208027018730774, phi -0.2220241452725724,
p 3.9594336574075304, q -1.60217662e-19,
brem = False
output State:
State Vector:
x:  [[0.0015060198260055588]
y:   [-0.008611953195328181]
tx:  [0.006552838285347714]
ty:  [-0.02902751551618029]
q/p: [-0.07572004614614478]]
Covariance matrix:
[[ 7.3e-06 -1.2e-10 -5.0e-06  2.9e-10 -2.0e-06]
 [-1.2e-10  5.6e-06  3.3e-10 -2.2e-06 -4.7e-10]
 [-5.0e-06  3.3e-10  8.5e-06 -8.7e-10  3.3e-06]
 [ 2.9e-10 -2.2e-06 -8.7e-10  6.3e-06  9.6e-10]
 [-2.0e-06 -4.7e-10  3.3e-06  9.6e-10  2.4e-06]]
Data added to list for particle: 47
Particle 48:
eta 4.875667230051723, phi -0.5204897116503715,
p 4.0, q 1.60217662e-19,
brem = False
input State:
[[ 0.        ]
 [ 0.        ]
