This is the start of the log file generated at 08_12_17h56m45s

15 VELO-type subdetectors added at z-locations: [20, 50, 80, 110, 140, 170, 200, 230, 260, 290, 450, 600, 650, 700, 750]
4 TT-type subdetectors added at z-locations: [2330, 2370, 2600, 2640]
24 OT-type subdetectors added at z-locations: [7860, 7870, 7910, 7920, 7980, 7990, 8030, 8040, 8540, 8550, 8590, 8600, 8660, 8670, 8710, 8720, 9230, 9240, 9280, 9290, 9350, 9360, 9400, 9410]
The detector is built.
Generating 490 particles...
Particle 0:
eta 4.385521615706909, phi 1.5673949761616517,
p 3.0, q 1.60217662e-19,
brem = False
input State:
[[0.00000000e+00]
 [0.00000000e+00]
 [2.49165000e-02]
 [8.47500797e-05]
 [9.99361664e-02]]

Simulating particle
Particle track 0 is saved
Initiating Kalman filtering for particle: 0
Particle 0:
eta 4.8721890014673495, phi 1.6563073518660758,
p 3.6646879243145922, q 1.60217662e-19,
brem = False
output State:
State Vector:
x:  [[0.008269850383493121]
y:   [0.0005778795106561426]
tx:  [0.015258115891401528]
ty:  [-0.0013079265977704708]
q/p: [0.08181010373688785]]
Covariance matrix:
[[ 1.2e-05 -5.0e-10 -9.4e-06  7.8e-10 -3.4e-06]
 [-5.0e-10  1.8e-05  6.1e-11 -1.5e-05 -1.1e-09]
 [-9.4e-06  6.1e-11  1.2e-05 -2.0e-10  3.7e-06]
 [ 7.8e-10 -1.5e-05 -2.0e-10  2.1e-05  1.3e-09]
 [-3.4e-06 -1.1e-09  3.7e-06  1.3e-09  3.2e-06]]
Data added to list for particle: 0
Particle 1:
eta 4.4155338479128, phi -0.2978927394188197,
p 3.0, q -1.60217662e-19,
brem = False
input State:
[[ 0.        ]
 [ 0.        ]
 [-0.00709691]
 [ 0.02311479]
 [-0.09993617]]

Simulating particle
Particle track 1 is saved
Initiating Kalman filtering for particle: 1
Particle 1:
eta 4.494459599014455, phi -0.18954363364115476,
p 3.4860355073938285, q -1.60217662e-19,
brem = False
output State:
State Vector:
x:  [[-0.001970396783341167]
y:   [0.0002957584832933636]
tx:  [-0.004209890524172744]
ty:  [0.021944041737528234]
q/p: [-0.08600270955806609]]
Covariance matrix:
[[ 1.1e-05 -2.1e-09 -8.2e-06  2.6e-09 -2.3e-06]
 [-2.1e-09  1.3e-05  2.6e-09 -8.1e-06 -6.4e-09]
 [-8.2e-06  2.6e-09  1.1e-05 -3.6e-09  2.5e-06]
 [ 2.6e-09 -8.1e-06 -3.6e-09  1.2e-05  6.8e-09]
 [-2.3e-06 -6.4e-09  2.5e-06  6.8e-09  2.2e-06]]
Data added to list for particle: 1
Particle 2:
eta 3.24676571772777, phi -3.102667363038795,
p 3.0, q 1.60217662e-19,
brem = False
input State:
[[ 0.        ]
 [ 0.        ]
 [-0.0030322 ]
 [-0.07785852]
 [ 0.09993617]]

Simulating particle
Particle track 2 is saved
Initiating Kalman filtering for particle: 2
Particle 2:
eta 3.222067357340873, phi -2.971330127700369,
p 3.8460724166076186, q 1.60217662e-19,
brem = False
output State:
State Vector:
x:  [[0.004424954097245908]
y:   [0.0008192932725239075]
tx:  [-0.013533609603161573]
ty:  [-0.07871714191546239]
q/p: [0.0779518601773857]]
Covariance matrix:
[[ 5.2e-06 -7.7e-11 -3.8e-06  1.4e-09 -1.3e-06]
 [-7.7e-11  4.4e-06 -8.2e-10 -2.7e-06 -9.8e-09]
 [-3.8e-06 -8.2e-10  8.4e-06  8.8e-10  2.5e-06]
 [ 1.4e-09 -2.7e-06  8.8e-10  1.0e-05  2.5e-08]
 [-1.3e-06 -9.8e-09  2.5e-06  2.5e-08  2.7e-06]]
Data added to list for particle: 2
Particle 3:
eta 3.3278715990211265, phi -1.2610074411796612,
p 3.0, q -1.60217662e-19,
brem = False
input State:
[[ 0.        ]
 [ 0.        ]
 [-0.06841185]
 [ 0.02189827]
 [-0.09993617]]

Simulating particle
Particle track 3 is saved
Initiating Kalman filtering for particle: 3
Particle 3:
eta 3.320086228763033, phi -1.2430782028925258,
p 3.271426236657641, q -1.60217662e-19,
brem = False
output State:
State Vector:
x:  [[0.0006288813953572929]
y:   [-0.0005696856382159576]
tx:  [-0.0685411728912278]
ty:  [0.02330244022656738]
q/p: [-0.09164458482726058]]
Covariance matrix:
[[ 5.0e-06  1.0e-10 -3.5e-06 -1.1e-10 -9.9e-07]
 [ 1.0e-10  5.9e-06  2.5e-09 -3.2e-06 -3.3e-09]
 [-3.5e-06  2.5e-09  8.0e-06 -9.8e-09  1.9e-06]
 [-1.1e-10 -3.2e-06 -9.8e-09  1.0e-05  8.2e-09]
 [-9.9e-07 -3.3e-09  1.9e-06  8.2e-09  2.1e-06]]
Data added to list for particle: 3
Particle 4:
eta 2.156274898510958, phi -1.4070408309197107,
p 3.0, q 1.60217662e-19,
brem = False
input State:
[[ 0.        ]
 [ 0.        ]
 [-0.23151605]
 [ 0.03825458]
 [ 0.09993617]]

Simulating particle
Particle track 4 is saved
Initiating Kalman filtering for particle: 4
Particle 4:
eta 2.077780851639069, phi -1.4258353540873518,
p 11.150071815093826, q 1.60217662e-19,
brem = False
output State:
State Vector:
x:  [[0.011789063243911444]
y:   [3.1268263005537175e-05]
tx:  [-0.25173549845846654]
ty:  [0.0367495988748395]
q/p: [0.026888481457639307]]
Covariance matrix:
[[ 8.2e-06 -1.3e-09 -3.9e-06  8.4e-09 -1.1e-06]
 [-1.3e-09  5.3e-06  4.2e-09 -2.0e-06  1.7e-09]
 [-3.9e-06  4.2e-09  8.6e-06 -3.6e-08  1.6e-06]
 [ 8.4e-09 -2.0e-06 -3.6e-08  1.1e-05  2.4e-09]
 [-1.1e-06  1.7e-09  1.6e-06  2.4e-09  1.5e-06]]
Data added to list for particle: 4
Particle 5:
eta 3.349631192084307, phi -0.44176058105797744,
p 3.0, q -1.60217662e-19,
brem = False
input State:
[[ 0.        ]
 [ 0.        ]
 [-0.03004743]
 [ 0.0635342 ]
 [-0.09993617]]

Simulating particle
Particle track 5 is saved
Initiating Kalman filtering for particle: 5
Particle 5:
eta 3.3638626853330744, phi -0.40356583630714116,
p 3.3874721517410564, q -1.60217662e-19,
brem = False
output State:
State Vector:
x:  [[-0.0006449916515155248]
y:   [-0.0008725989878506123]
tx:  [-0.02720848757786287]
ty:  [0.06371968952734859]
q/p: [-0.08850508161296755]]
Covariance matrix:
[[ 5.0e-06 -4.0e-10 -3.5e-06  1.2e-09 -9.7e-07]
 [-4.0e-10  5.9e-06  3.9e-09 -3.2e-06 -8.1e-09]
 [-3.5e-06  3.9e-09  7.9e-06 -1.4e-08  1.8e-06]
 [ 1.2e-09 -3.2e-06 -1.4e-08  1.1e-05  1.8e-08]
 [-9.7e-07 -8.1e-09  1.8e-06  1.8e-08  2.0e-06]]
Data added to list for particle: 5
Particle 6:
eta 2.2578371422502466, phi -0.27153816010132575,
p 3.0, q 1.60217662e-19,
brem = False
input State:
[[ 0.        ]
 [ 0.        ]
 [-0.05671791]
 [ 0.20371728]
 [ 0.09993617]]

Simulating particle
Particle track 6 is saved
Initiating Kalman filtering for particle: 6
Particle 6:
eta 2.2398289958962576, phi -0.325443329450327,
p 4.653323005273381, q 1.60217662e-19,
brem = False
output State:
State Vector:
x:  [[0.006361157160495712]
y:   [-0.0007804466496816953]
tx:  [-0.06886813612786691]
ty:  [0.20408911681723851]
q/p: [0.06442890358389883]]
Covariance matrix:
[[ 8.3e-06 -1.8e-09 -4.0e-06  6.3e-09 -1.4e-06]
 [-1.8e-09  5.3e-06  4.4e-09 -2.0e-06  1.9e-08]
 [-4.0e-06  4.4e-09  8.7e-06 -2.5e-08  2.3e-06]
 [ 6.3e-09 -2.0e-06 -2.5e-08  1.1e-05 -4.4e-08]
 [-1.4e-06  1.9e-08  2.3e-06 -4.4e-08  2.4e-06]]
Data added to list for particle: 6
Particle 7:
eta 4.7749831782652326, phi 2.992620243413724,
p 3.0, q -1.60217662e-19,
brem = False
input State:
[[ 0.        ]
 [ 0.        ]
 [ 0.00250502]
 [-0.01669072]
 [-0.09993617]]

Simulating particle
Particle track 7 is saved
Initiating Kalman filtering for particle: 7
Particle 7:
eta 4.696208891033302, phi 2.8453283881703153,
p 3.524455992521816, q -1.60217662e-19,
brem = False
output State:
State Vector:
x:  [[-0.0024904940354691474]
y:   [4.254135110071816e-05]
tx:  [0.005331335121310185]
ty:  [-0.01746559993151152]
q/p: [-0.08506518449588536]]
Covariance matrix:
[[ 1.8e-05 -4.3e-10 -1.1e-05  1.1e-09 -3.2e-06]
 [-4.3e-10  1.4e-05 -2.8e-09 -8.6e-06  5.3e-09]
 [-1.1e-05 -2.8e-09  1.2e-05  3.7e-09  3.0e-06]
 [ 1.1e-09 -8.6e-06  3.7e-09  1.2e-05 -5.8e-09]
 [-3.2e-06  5.3e-09  3.0e-06 -5.8e-09  2.3e-06]]
Data added to list for particle: 7
Particle 8:
eta 2.442743898490831, phi -1.1332100903441944,
p 3.0, q 1.60217662e-19,
brem = False
input State:
[[ 0.        ]
 [ 0.        ]
 [-0.15866272]
 [ 0.074228  ]
 [ 0.09993617]]

Simulating particle
Particle track 8 is saved
Initiating Kalman filtering for particle: 8
Particle 8:
eta 2.3669750654703767, phi -1.1665928073804617,
p 6.48584258621857, q 1.60217662e-19,
brem = False
output State:
State Vector:
x:  [[0.007714416505216035]
y:   [-0.00040953171337702323]
tx:  [-0.17394536887705442]
ty:  [0.07440634662308965]
q/p: [0.04622506563581184]]
Covariance matrix:
[[ 5.7e-06 -1.5e-09 -3.2e-06  8.7e-09 -9.5e-07]
 [-1.5e-09  4.1e-06  7.3e-09 -2.2e-06  3.6e-09]
 [-3.2e-06  7.3e-09  8.3e-06 -4.9e-08  1.8e-06]
 [ 8.7e-09 -2.2e-06 -4.9e-08  1.1e-05 -1.0e-09]
 [-9.5e-07  3.6e-09  1.8e-06 -1.0e-09  1.9e-06]]
Data added to list for particle: 8
Particle 9:
eta 2.4074733616397266, phi 1.93178116562417,
p 3.0, q -1.60217662e-19,
brem = False
input State:
[[ 0.        ]
 [ 0.        ]
 [ 0.16985557]
 [-0.06412517]
 [-0.09993617]]

Simulating particle
Particle track 9 is saved
Initiating Kalman filtering for particle: 9
Particle 9:
eta 2.375452431774779, phi 1.9172199984689087,
p 5.442108647509191, q -1.60217662e-19,
brem = False
output State:
State Vector:
x:  [[-0.002460482901900273]
y:   [0.00025355343443851744]
tx:  [0.17642339164079676]
ty:  [-0.0636854751346361]
q/p: [-0.05509050235311214]]
Covariance matrix:
[[ 5.6e-06 -8.7e-10 -3.0e-06  6.9e-09 -7.3e-07]
 [-8.7e-10  4.1e-06  5.5e-09 -2.2e-06  2.4e-09]
 [-3.0e-06  5.5e-09  7.9e-06 -4.1e-08  1.4e-06]
 [ 6.9e-09 -2.2e-06 -4.1e-08  1.1e-05 -7.9e-10]
 [-7.3e-07  2.4e-09  1.4e-06 -7.9e-10  1.4e-06]]
Data added to list for particle: 9
Particle 10:
eta 2.858848535088742, phi 3.0984255146018764,
p 5.0, q 1.60217662e-19,
brem = False
input State:
[[ 0.        ]
 [ 0.        ]
 [ 0.00496474]
 [-0.1149405 ]
 [ 0.0599617 ]]

Simulating particle
Particle track 10 is saved
Initiating Kalman filtering for particle: 10
Particle 10:
eta 2.872261569888657, phi 3.1160170961098106,
p 5.614537325705802, q 1.60217662e-19,
brem = False
output State:
State Vector:
x:  [[0.0010705339236556054]
y:   [0.0006822215920903751]
tx:  [0.0029026354251374016]
ty:  [-0.11346781080677867]
q/p: [0.05339861182841245]]
Covariance matrix:
[[ 4.6e-06  2.1e-09 -2.9e-06 -6.1e-09 -1.3e-06]
 [ 2.1e-09  4.2e-06 -2.2e-09 -1.6e-06 -9.0e-09]
 [-2.9e-06 -2.2e-09  6.7e-06  4.6e-09  3.2e-06]
 [-6.1e-09 -1.6e-06  4.6e-09  5.3e-06  2.2e-08]
 [-1.3e-06 -9.0e-09  3.2e-06  2.2e-08  2.5e-06]]
Data added to list for particle: 10
Particle 11:
eta 3.483798606197007, phi -1.8560032320611206,
p 5.0, q -1.60217662e-19,
brem = False
input State:
[[ 0.        ]
 [ 0.        ]
 [-0.05895716]
 [-0.01728626]
 [-0.0599617 ]]

Simulating particle
Particle track 11 is saved
Initiating Kalman filtering for particle: 11
Particle 11:
eta 3.486470089104138, phi -1.8591554389805558,
p 5.165919893467356, q -1.60217662e-19,
brem = False
output State:
State Vector:
x:  [[0.0009015778855569275]
y:   [0.0002826852658810003]
tx:  [-0.0587449348500395]
ty:  [-0.017425313251434277]
q/p: [-0.058035839779595595]]
Covariance matrix:
[[ 4.3e-06  1.8e-09 -2.9e-06 -4.3e-09 -1.1e-06]
 [ 1.8e-09  4.6e-06 -9.0e-10 -2.2e-06  1.3e-09]
 [-2.9e-06 -9.0e-10  5.4e-06  2.5e-09  2.1e-06]
 [-4.3e-09 -2.2e-06  2.5e-09  5.2e-06 -2.7e-09]
 [-1.1e-06  1.3e-09  2.1e-06 -2.7e-09  1.6e-06]]
Data added to list for particle: 11
Particle 12:
eta 2.0193576478997364, phi -2.2016222335509825,
p 5.0, q 1.60217662e-19,
brem = False
input State:
[[ 0.        ]
 [ 0.        ]
 [-0.2182323 ]
 [-0.15939261]
 [ 0.0599617 ]]

Simulating particle
Particle track 12 is saved
Initiating Kalman filtering for particle: 12
Particle 12:
eta 1.9908078289801028, phi -2.1746781574486356,
p 9.469611192032866, q 1.60217662e-19,
brem = False
output State:
State Vector:
x:  [[0.0068153723496683525]
y:   [-9.417303066088206e-05]
tx:  [-0.22913110713866477]
ty:  [-0.15806625612875083]
q/p: [0.03166006430166182]]
Covariance matrix:
[[ 8.3e-06  1.1e-09 -3.9e-06 -4.1e-09 -1.5e-06]
 [ 1.1e-09  7.6e-06 -6.6e-09 -1.5e-06 -8.8e-09]
 [-3.9e-06 -6.6e-09  6.8e-06  5.0e-08  2.6e-06]
 [-4.1e-09 -1.5e-06  5.0e-08  5.6e-06 -1.8e-09]
 [-1.5e-06 -8.8e-09  2.6e-06 -1.8e-09  1.8e-06]]
Data added to list for particle: 12
Particle 13:
eta 4.665979518633942, phi 1.7332593566571082,
p 5.0, q -1.60217662e-19,
brem = False
input State:
[[ 0.        ]
 [ 0.        ]
 [ 0.01857387]
 [-0.0030444 ]
 [-0.0599617 ]]

Simulating particle
Particle track 13 is saved
Initiating Kalman filtering for particle: 13
Particle 13:
eta 4.622547209288053, phi 1.743879644497753,
p 5.342575855634656, q -1.60217662e-19,
brem = False
output State:
State Vector:
x:  [[-0.0004088561200204536]
y:   [0.00017547428254910223]
tx:  [0.019363648690243863]
ty:  [-0.0033853986739461966]
q/p: [-0.056116844636898866]]
Covariance matrix:
[[ 1.0e-05  9.4e-10 -6.3e-06 -8.3e-10 -2.4e-06]
 [ 9.4e-10  1.1e-05 -1.4e-09 -5.1e-06  3.7e-09]
 [-6.3e-06 -1.4e-09  7.2e-06  1.3e-09  2.7e-06]
 [-8.3e-10 -5.1e-06  1.3e-09  6.5e-06 -3.8e-09]
 [-2.4e-06  3.7e-09  2.7e-06 -3.8e-09  1.8e-06]]
Data added to list for particle: 13
Particle 14:
eta 2.7871260836469047, phi -1.8939229431205067,
p 5.0, q 1.60217662e-19,
brem = False
input State:
[[ 0.        ]
 [ 0.        ]
 [-0.11726518]
 [-0.03926777]
 [ 0.0599617 ]]

Simulating particle
Particle track 14 is saved
Initiating Kalman filtering for particle: 14
Particle 14:
eta 2.733214022789518, phi -1.8818057854169974,
p 6.649739763014947, q 1.60217662e-19,
brem = False
output State:
State Vector:
x:  [[0.0035903429330143947]
y:   [0.000493314208026876]
tx:  [-0.12430768935895124]
ty:  [-0.03995757608657401]
q/p: [0.045085749207660106]]
Covariance matrix:
[[ 4.6e-06  1.2e-10 -2.8e-06  4.1e-11 -1.2e-06]
 [ 1.2e-10  4.2e-06 -3.7e-10 -1.6e-06 -2.5e-09]
 [-2.8e-06 -3.7e-10  6.6e-06  2.6e-10  2.9e-06]
 [ 4.1e-11 -1.6e-06  2.6e-10  5.4e-06  5.7e-09]
 [-1.2e-06 -2.5e-09  2.9e-06  5.7e-09  2.2e-06]]
Data added to list for particle: 14
Particle 15:
eta 4.28277382666063, phi 1.8506865270821276,
p 5.0, q -1.60217662e-19,
brem = False
input State:
[[ 0.        ]
 [ 0.        ]
 [ 0.02653932]
 [-0.00762834]
 [-0.0599617 ]]

Simulating particle
Particle track 15 is saved
Initiating Kalman filtering for particle: 15
Particle 15:
eta 4.253234433044557, phi 1.8891017057196262,
p 5.38098581361148, q -1.60217662e-19,
brem = False
output State:
State Vector:
x:  [[-0.0002851408590464154]
y:   [0.0007920405975582394]
tx:  [0.027013365130103214]
ty:  [-0.00890116682455157]
q/p: [-0.05571627758116664]]
Covariance matrix:
[[ 1.0e-05 -4.7e-11 -6.3e-06  2.2e-10 -2.4e-06]
 [-4.7e-11  1.1e-05 -2.9e-10 -4.9e-06  1.1e-09]
 [-6.3e-06 -2.9e-10  7.3e-06  1.0e-10  2.7e-06]
 [ 2.2e-10 -4.9e-06  1.0e-10  6.2e-06 -1.1e-09]
 [-2.4e-06  1.1e-09  2.7e-06 -1.1e-09  1.8e-06]]
Data added to list for particle: 15
Particle 16:
eta 3.6819974426637043, phi -0.5776136309067704,
p 5.0, q 1.60217662e-19,
brem = False
input State:
[[ 0.        ]
 [ 0.        ]
 [-0.02750728]
 [ 0.04220442]
 [ 0.0599617 ]]

Simulating particle
Particle track 16 is saved
Initiating Kalman filtering for particle: 16
Particle 16:
eta 3.6258859182516474, phi -0.6332613792428725,
p 5.655452459904676, q 1.60217662e-19,
brem = False
output State:
State Vector:
x:  [[0.0028675491915067662]
y:   [-0.0004614439559404175]
tx:  [-0.0315350663363486]
ty:  [0.04295617696374851]
q/p: [0.0530122923633506]]
Covariance matrix:
[[ 5.9e-06 -2.7e-09 -4.8e-06  5.5e-09 -2.3e-06]
 [-2.7e-09  4.1e-06  1.7e-09 -2.3e-06  4.1e-09]
 [-4.8e-06  1.7e-09  7.5e-06 -3.6e-09  3.5e-06]
 [ 5.5e-09 -2.3e-06 -3.6e-09  5.0e-06 -6.9e-09]
 [-2.3e-06  4.1e-09  3.5e-06 -6.9e-09  2.6e-06]]
Data added to list for particle: 16
Particle 17:
eta 4.186560549465277, phi -1.4643979581194406,
p 5.0, q -1.60217662e-19,
brem = False
input State:
[[ 0.        ]
 [ 0.        ]
 [-0.03023203]
 [ 0.00322883]
 [-0.0599617 ]]

Simulating particle
Particle track 17 is saved
Initiating Kalman filtering for particle: 17
Particle 17:
eta 4.196452533022874, phi -1.4807654134923072,
p 5.217951695273965, q -1.60217662e-19,
brem = False
output State:
State Vector:
x:  [[0.0003443046676268862]
y:   [4.2230165350397424e-05]
tx:  [-0.029982628112653852]
ty:  [0.0027066804053143627]
q/p: [-0.05745712432007399]]
Covariance matrix:
[[ 1.0e-05  2.4e-09 -6.4e-06 -3.8e-09 -2.5e-06]
 [ 2.4e-09  7.0e-06  1.9e-10 -3.2e-06 -2.7e-10]
 [-6.4e-06  1.9e-10  7.3e-06 -3.1e-10  2.7e-06]
 [-3.8e-09 -3.2e-06 -3.1e-10  5.0e-06  3.5e-10]
 [-2.5e-06 -2.7e-10  2.7e-06  3.5e-10  1.9e-06]]
Data added to list for particle: 17
Particle 18:
eta 3.5612668417342297, phi 1.881285315080866,
p 5.0, q 1.60217662e-19,
brem = False
input State:
[[ 0.        ]
 [ 0.        ]
 [ 0.05413311]
 [-0.01736951]
 [ 0.0599617 ]]

Simulating particle
Particle track 18 is saved
Initiating Kalman filtering for particle: 18
Particle 18:
eta 3.6108988521198313, phi 1.9151675226904483,
p 5.307301494376931, q 1.60217662e-19,
brem = False
output State:
State Vector:
x:  [[0.0012409317957853886]
y:   [0.00031255347899648286]
tx:  [0.050918593673000306]
ty:  [-0.01826259970822036]
q/p: [0.05648981870902626]]
Covariance matrix:
[[ 6.4e-06  1.8e-09 -4.8e-06 -3.6e-09 -2.3e-06]
 [ 1.8e-09  4.1e-06 -2.9e-10 -2.4e-06 -2.4e-09]
 [-4.8e-06 -2.9e-10  7.8e-06 -3.1e-11  3.7e-06]
 [-3.6e-09 -2.4e-06 -3.1e-11  5.1e-06  4.6e-09]
 [-2.3e-06 -2.4e-09  3.7e-06  4.6e-09  2.8e-06]]
Data added to list for particle: 18
Particle 19:
eta 2.170048652265127, phi -0.6712526400003975,
p 5.0, q -1.60217662e-19,
brem = False
input State:
[[ 0.        ]
 [ 0.        ]
 [-0.14389834]
 [ 0.18116484]
 [-0.0599617 ]]

Simulating particle
Particle track 19 is saved
Initiating Kalman filtering for particle: 19
Particle 19:
eta 2.173322018160242, phi -0.6717648277407255,
p 5.227217415459985, q -1.60217662e-19,
brem = False
output State:
State Vector:
x:  [[0.0008189247611771417]
y:   [-0.0005272818606095203]
tx:  [-0.14350817962957416]
ty:  [0.18048374992967756]
q/p: [-0.05735527632058795]]
Covariance matrix:
[[ 7.9e-06 -1.5e-09 -3.3e-06  7.6e-09 -1.2e-06]
 [-1.5e-09  5.2e-06  7.0e-09 -1.3e-06 -9.8e-09]
 [-3.3e-06  7.0e-09  5.6e-06 -4.4e-08  2.1e-06]
 [ 7.6e-09 -1.3e-06 -4.4e-08  5.3e-06  3.5e-08]
 [-1.2e-06 -9.8e-09  2.1e-06  3.5e-08  1.6e-06]]
Data added to list for particle: 19
Particle 20:
eta 2.8345671211364274, phi 0.4715372502601577,
p 7.0, q 1.60217662e-19,
brem = False
input State:
[[0.        ]
 [0.        ]
 [0.05355443]
 [0.10502901]
 [0.04282979]]

Simulating particle
Particle track 20 is saved
Initiating Kalman filtering for particle: 20
Particle 20:
eta 2.8464063129592505, phi 0.4720941194622721,
p 7.381428747926657, q 1.60217662e-19,
brem = False
output State:
State Vector:
x:  [[-8.992853713348906e-05]
y:   [-0.000669678230655018]
tx:  [0.052977623501718675]
ty:  [0.103754983519739]
q/p: [0.040616594630911954]]
Covariance matrix:
[[ 4.7e-06 -1.1e-09 -3.1e-06  2.5e-09 -1.6e-06]
 [-1.1e-09  4.1e-06  2.2e-09 -1.3e-06  7.0e-09]
 [-3.1e-06  2.2e-09  7.0e-06 -3.7e-09  3.8e-06]
 [ 2.5e-09 -1.3e-06 -3.7e-09  3.8e-06 -1.9e-08]
 [-1.6e-06  7.0e-09  3.8e-06 -1.9e-08  2.6e-06]]
Data added to list for particle: 20
Particle 21:
eta 4.075598312085799, phi 2.339809061417674,
p 7.0, q -1.60217662e-19,
brem = False
input State:
[[ 0.        ]
 [ 0.        ]
 [ 0.02441356]
 [-0.02362634]
 [-0.04282979]]

Simulating particle
Particle track 21 is saved
Initiating Kalman filtering for particle: 21
Particle 21:
eta 4.053071643761295, phi 2.36407808400351,
p 7.305411376540085, q -1.60217662e-19,
brem = False
output State:
State Vector:
x:  [[-0.00012673258868950974]
y:   [0.000833928772699972]
tx:  [0.024376337252840018]
ty:  [-0.024763745732928128]
q/p: [-0.041039235684149696]]
Covariance matrix:
[[ 6.6e-06  4.6e-10 -4.1e-06 -4.8e-10 -1.7e-06]
 [ 4.6e-10  6.8e-06 -6.1e-10 -2.8e-06  1.5e-09]
 [-4.1e-06 -6.1e-10  5.3e-06  5.5e-10  2.3e-06]
 [-4.8e-10 -2.8e-06  5.5e-10  4.0e-06 -1.8e-09]
 [-1.7e-06  1.5e-09  2.3e-06 -1.8e-09  1.5e-06]]
Data added to list for particle: 21
Particle 22:
eta 2.0881559481395064, phi 2.9084229994699498,
p 7.0, q 1.60217662e-19,
brem = False
input State:
[[ 0.        ]
 [ 0.        ]
 [ 0.05815744]
 [-0.2448845 ]
 [ 0.04282979]]

Simulating particle
Particle track 22 is saved
Initiating Kalman filtering for particle: 22
Particle 22:
eta 2.0959055653179486, phi 2.9171191078338667,
p 7.939161346816385, q 1.60217662e-19,
brem = False
output State:
State Vector:
x:  [[0.0011700905166586403]
y:   [-9.120575887989625e-05]
tx:  [0.05557989857728778]
ty:  [-0.24342833120571403]
q/p: [0.03776324553118204]]
Covariance matrix:
[[ 8.7e-06  4.3e-09 -4.5e-06 -9.1e-09 -2.1e-06]
 [ 4.3e-09  7.6e-06 -6.8e-09 -1.3e-06 -1.7e-08]
 [-4.5e-06 -6.8e-09  7.4e-06  6.9e-09  3.8e-06]
 [-9.1e-09 -1.3e-06  6.9e-09  3.9e-06  4.2e-08]
 [-2.1e-06 -1.7e-08  3.8e-06  4.2e-08  2.6e-06]]
Data added to list for particle: 22
Particle 23:
eta 2.3945212441358996, phi 3.023030420903389,
p 7.0, q -1.60217662e-19,
brem = False
input State:
[[ 0.        ]
 [ 0.        ]
 [ 0.02176004]
 [-0.18267186]
 [-0.04282979]]

Simulating particle
Particle track 23 is saved
Initiating Kalman filtering for particle: 23
Particle 23:
eta 2.4062752470814694, phi 3.0249904685519677,
p 7.491115192276016, q -1.60217662e-19,
brem = False
output State:
State Vector:
x:  [[0.00019691209558663912]
y:   [0.0003719078600396451]
tx:  [0.021147743667993227]
ty:  [-0.1805439118676387]
q/p: [-0.04002187812578631]]
Covariance matrix:
[[ 5.5e-06  1.1e-09 -2.3e-06 -2.7e-09 -8.9e-07]
 [ 1.1e-09  5.2e-06 -1.9e-09 -1.1e-06  5.0e-09]
 [-2.3e-06 -1.9e-09  4.5e-06  3.1e-09  1.9e-06]
 [-2.7e-09 -1.1e-06  3.1e-09  3.8e-06 -1.2e-08]
 [-8.9e-07  5.0e-09  1.9e-06 -1.2e-08  1.3e-06]]
Data added to list for particle: 23
Particle 24:
eta 2.7717709504167445, phi 1.1071071644465131,
p 7.0, q 1.60217662e-19,
brem = False
input State:
[[0.        ]
 [0.        ]
 [0.11233206]
 [0.05617186]
 [0.04282979]]

Simulating particle
Particle track 24 is saved
Initiating Kalman filtering for particle: 24
Particle 24:
eta 2.7785030859440245, phi 1.1056594523267869,
p 7.2671211597554, q 1.60217662e-19,
brem = False
output State:
State Vector:
x:  [[-0.0006401885281016984]
y:   [-0.000454352432411754]
tx:  [0.11149161260682297]
ty:  [0.05595351188202852]
q/p: [0.04125547003561835]]
Covariance matrix:
[[ 4.7e-06  9.7e-10 -3.1e-06 -3.3e-09 -1.6e-06]
 [ 9.7e-10  4.1e-06  9.5e-10 -1.3e-06  4.3e-09]
 [-3.1e-06  9.5e-10  7.0e-06 -5.0e-10  3.8e-06]
 [-3.3e-09 -1.3e-06 -5.0e-10  3.8e-06 -1.2e-08]
 [-1.6e-06  4.3e-09  3.8e-06 -1.2e-08  2.7e-06]]
Data added to list for particle: 24
Particle 25:
eta 3.4173854973700686, phi 0.7901975642478218,
p 7.0, q -1.60217662e-19,
brem = False
input State:
[[ 0.        ]
 [ 0.        ]
 [ 0.04665575]
 [ 0.04621004]
 [-0.04282979]]

Simulating particle
Particle track 25 is saved
Initiating Kalman filtering for particle: 25
Particle 25:
eta 3.4219680895184283, phi 0.7719672670766143,
p 7.43138938736664, q -1.60217662e-19,
brem = False
output State:
State Vector:
x:  [[-0.0002096257460282658]
y:   [-0.0007868367105994349]
tx:  [0.04559574155931305]
ty:  [0.0468372744680463]
q/p: [-0.04034353249759343]]
Covariance matrix:
[[ 4.7e-06 -2.3e-09 -2.5e-06  4.8e-09 -1.0e-06]
 [-2.3e-09  4.5e-06  3.4e-10 -1.7e-06 -1.7e-09]
 [-2.5e-06  3.4e-10  4.6e-06  1.9e-10  2.0e-06]
 [ 4.8e-09 -1.7e-06  1.9e-10  3.8e-06  2.9e-09]
 [-1.0e-06 -1.7e-09  2.0e-06  2.9e-09  1.4e-06]]
Data added to list for particle: 25
Particle 26:
eta 2.296561040111154, phi -0.12804782367517453,
p 7.0, q 1.60217662e-19,
brem = False
input State:
[[ 0.        ]
 [ 0.        ]
 [-0.02595667]
 [ 0.20160162]
 [ 0.04282979]]

Simulating particle
Particle track 26 is saved
Initiating Kalman filtering for particle: 26
Particle 26:
eta 2.301589055429728, phi -0.14529809622327997,
p 8.142613868969805, q 1.60217662e-19,
brem = False
output State:
State Vector:
x:  [[0.0017015147726362214]
y:   [-0.0005228703683657194]
tx:  [-0.029279716376101807]
ty:  [0.20009470149442646]
q/p: [0.03681968764281198]]
Covariance matrix:
[[ 6.0e-06 -2.1e-09 -3.4e-06  5.3e-09 -1.6e-06]
 [-2.1e-09  5.2e-06  4.7e-09 -1.1e-06  1.0e-08]
 [-3.4e-06  4.7e-09  6.9e-06 -1.3e-08  3.6e-06]
 [ 5.3e-09 -1.1e-06 -1.3e-08  3.8e-06 -2.4e-08]
 [-1.6e-06  1.0e-08  3.6e-06 -2.4e-08  2.5e-06]]
Data added to list for particle: 26
Particle 27:
eta 2.2872314035702175, phi 0.1870959369098033,
p 7.0, q -1.60217662e-19,
brem = False
input State:
[[ 0.        ]
 [ 0.        ]
 [ 0.03817045]
 [ 0.20162931]
 [-0.04282979]]

Simulating particle
Particle track 27 is saved
Initiating Kalman filtering for particle: 27
Particle 27:
eta 2.294259687287477, phi 0.18568564462646872,
p 7.612591024655804, q -1.60217662e-19,
brem = False
output State:
State Vector:
x:  [[0.0006271011850565388]
y:   [-0.000524925730125538]
tx:  [0.03761524639331121]
ty:  [0.20024130274847324]
q/p: [-0.03938323998760364]]
Covariance matrix:
[[ 5.5e-06 -3.7e-09 -2.4e-06  1.1e-08 -8.9e-07]
 [-3.7e-09  5.2e-06  1.8e-09 -1.1e-06 -5.4e-09]
 [-2.4e-06  1.8e-09  4.5e-06 -1.1e-10  1.9e-06]
 [ 1.1e-08 -1.1e-06 -1.1e-10  3.8e-06  1.2e-08]
 [-8.9e-07 -5.4e-09  1.9e-06  1.2e-08  1.3e-06]]
Data added to list for particle: 27
Particle 28:
eta 3.327705875691564, phi -1.0440146079895356,
p 7.0, q 1.60217662e-19,
brem = False
input State:
[[ 0.        ]
 [ 0.        ]
 [-0.06210329]
 [ 0.0361194 ]
 [ 0.04282979]]

Simulating particle
Particle track 28 is saved
Initiating Kalman filtering for particle: 28
Particle 28:
eta 3.282014425014435, phi -1.0747742043764184,
p 8.013921531620305, q 1.60217662e-19,
brem = False
output State:
State Vector:
x:  [[0.0026377654622459718]
y:   [-0.00030624004092555656]
tx:  [-0.06614688823459575]
ty:  [0.035795296083736564]
q/p: [0.03741096017331228]]
Covariance matrix:
[[ 5.4e-06 -9.0e-10 -3.9e-06  2.0e-09 -1.9e-06]
 [-9.0e-10  5.5e-06  1.4e-09 -1.6e-06  2.4e-09]
 [-3.9e-06  1.4e-09  7.2e-06 -3.5e-09  3.8e-06]
 [ 2.0e-09 -1.6e-06 -3.5e-09  3.8e-06 -4.0e-09]
 [-1.9e-06  2.4e-09  3.8e-06 -4.0e-09  2.6e-06]]
Data added to list for particle: 28
Particle 29:
eta 3.4013293730165794, phi -1.7884032390050917,
p 7.0, q -1.60217662e-19,
brem = False
input State:
[[ 0.        ]
 [ 0.        ]
 [-0.06515825]
 [-0.01440701]
 [-0.04282979]]

Simulating particle
Particle track 29 is saved
Initiating Kalman filtering for particle: 29
Particle 29:
eta 3.409812997079865, phi -1.7892061439158566,
p 7.119438579930502, q -1.60217662e-19,
brem = False
output State:
State Vector:
x:  [[0.0006927695082627908]
y:   [0.0001671165588909556]
tx:  [-0.06459510840305109]
ty:  [-0.014336904505021014]
q/p: [-0.042111255808379155]]
Covariance matrix:
[[ 4.7e-06  2.4e-09 -2.6e-06 -5.3e-09 -1.0e-06]
 [ 2.4e-09  4.5e-06 -5.6e-10 -1.8e-06  7.1e-10]
 [-2.6e-06 -5.6e-10  4.6e-06  1.4e-09  2.1e-06]
 [-5.3e-09 -1.8e-06  1.4e-09  3.8e-06 -1.4e-09]
 [-1.0e-06  7.1e-10  2.1e-06 -1.4e-09  1.4e-06]]
Data added to list for particle: 29
Particle 30:
eta 3.426399299053998, phi -1.7142191211088054,
p 9.0, q 1.60217662e-19,
brem = False
input State:
[[ 0.        ]
 [ 0.        ]
 [-0.06440812]
 [-0.00930146]
 [ 0.03331206]]

Simulating particle
Particle track 30 is saved
Initiating Kalman filtering for particle: 30
Particle 30:
eta 3.372621230285563, phi -1.709267987238038,
p 10.62237242794161, q 1.60217662e-19,
brem = False
output State:
State Vector:
x:  [[0.002806591321454702]
y:   [0.00022049761692484113]
tx:  [-0.06802262627343947]
ty:  [-0.00947987390208256]
q/p: [0.028224250400302856]]
Covariance matrix:
[[ 5.6e-06  2.0e-10 -4.3e-06 -4.1e-10 -2.2e-06]
 [ 2.0e-10  4.4e-06 -4.4e-10 -1.6e-06 -5.9e-10]
 [-4.3e-06 -4.4e-10  7.9e-06  9.4e-10  4.3e-06]
 [-4.1e-10 -1.6e-06  9.4e-10  3.3e-06  1.1e-09]
 [-2.2e-06 -5.9e-10  4.3e-06  1.1e-09  2.8e-06]]
Data added to list for particle: 30
Particle 31:
eta 3.6229994800380987, phi 0.09712664617885641,
p 9.0, q -1.60217662e-19,
brem = False
input State:
[[ 0.        ]
 [ 0.        ]
 [ 0.00518259]
 [ 0.05319115]
 [-0.03331206]]

Simulating particle
Particle track 31 is saved
Initiating Kalman filtering for particle: 31
Particle 31:
eta 3.6430838283407185, phi 0.09198779756663124,
p 9.282719439046986, q -1.60217662e-19,
brem = False
output State:
State Vector:
x:  [[7.086187938674568e-05]
y:   [2.6139346022505653e-05]
tx:  [0.004811427306957112]
ty:  [0.05215744623215847]
q/p: [-0.03229748579822175]]
Covariance matrix:
[[ 4.8e-06 -6.5e-10 -3.0e-06  1.1e-09 -1.3e-06]
 [-6.5e-10  3.8e-06  9.9e-10 -1.6e-06 -1.6e-09]
 [-3.0e-06  9.9e-10  4.3e-06 -1.7e-09  2.0e-06]
 [ 1.1e-09 -1.6e-06 -1.7e-09  3.1e-06  2.8e-09]
 [-1.3e-06 -1.6e-09  2.0e-06  2.8e-09  1.3e-06]]
Data added to list for particle: 31
Particle 32:
eta 2.924152849748917, phi -1.0286786284241356,
p 9.0, q 1.60217662e-19,
brem = False
input State:
[[ 0.        ]
 [ 0.        ]
 [-0.09228442]
 [ 0.05558401]
 [ 0.03331206]]

Simulating particle
Particle track 32 is saved
Initiating Kalman filtering for particle: 32
Particle 32:
eta 2.8953099123709323, phi -1.04845669764216,
p 10.778723432786245, q 1.60217662e-19,
brem = False
output State:
State Vector:
x:  [[0.0021436580134854178]
y:   [-0.0004155073059355585]
tx:  [-0.09611430783480847]
ty:  [0.05533037598449969]
q/p: [0.027814842928389157]]
Covariance matrix:
[[ 4.8e-06 -5.7e-10 -3.3e-06  1.3e-09 -1.6e-06]
 [-5.7e-10  4.1e-06  1.7e-09 -1.2e-06  2.3e-09]
 [-3.3e-06  1.7e-09  7.2e-06 -4.7e-09  4.0e-06]
 [ 1.3e-09 -1.2e-06 -4.7e-09  3.2e-06 -4.5e-09]
 [-1.6e-06  2.3e-09  4.0e-06 -4.5e-09  2.6e-06]]
Data added to list for particle: 32
Particle 33:
eta 2.798797753083382, phi -2.7605395876132723,
p 9.0, q -1.60217662e-19,
brem = False
input State:
[[ 0.        ]
 [ 0.        ]
 [-0.0454532 ]
 [-0.1134531 ]
 [-0.03331206]]

Simulating particle
Particle track 33 is saved
Initiating Kalman filtering for particle: 33
Particle 33:
eta 2.7949439973490575, phi -2.7573322745619526,
p 9.232966902637298, q -1.60217662e-19,
brem = False
output State:
State Vector:
x:  [[0.0005198271445360232]
y:   [0.0010552876824079702]
tx:  [-0.04599507864707773]
ty:  [-0.11374750430591678]
q/p: [-0.032471523228991536]]
Covariance matrix:
[[ 4.2e-06  5.8e-10 -1.9e-06 -1.6e-09 -7.8e-07]
 [ 5.8e-10  4.1e-06 -2.1e-09 -1.2e-06  2.8e-09]
 [-1.9e-06 -2.1e-09  4.0e-06  6.5e-09  1.9e-06]
 [-1.6e-09 -1.2e-06  6.5e-09  3.2e-06 -7.1e-09]
 [-7.8e-07  2.8e-09  1.9e-06 -7.1e-09  1.3e-06]]
Data added to list for particle: 33
Particle 34:
eta 2.314228801160147, phi -0.987193971778138,
p 9.0, q 1.60217662e-19,
brem = False
input State:
[[ 0.        ]
 [ 0.        ]
 [-0.16659216]
 [ 0.11000568]
 [ 0.03331206]]

Simulating particle
Particle track 34 is saved
Initiating Kalman filtering for particle: 34
Particle 34:
eta 2.2936212960398787, phi -1.008360859842333,
p 12.854505532480037, q 1.60217662e-19,
brem = False
output State:
State Vector:
x:  [[0.003654091027907449]
y:   [-0.0002233695429188524]
tx:  [-0.17247111086773945]
ty:  [0.10871673281439849]
q/p: [0.02332322301265948]]
Covariance matrix:
[[ 6.0e-06 -9.9e-11 -3.6e-06 -4.3e-10 -1.7e-06]
 [-9.9e-11  5.1e-06  2.9e-09 -1.0e-06  3.7e-09]
 [-3.6e-06  2.9e-09  7.1e-06 -1.1e-08  3.7e-06]
 [-4.3e-10 -1.0e-06 -1.1e-08  3.2e-06 -5.3e-09]
 [-1.7e-06  3.7e-09  3.7e-06 -5.3e-09  2.3e-06]]
Data added to list for particle: 34
Particle 35:
eta 4.778330964704771, phi 1.3131383130222465,
p 9.0, q -1.60217662e-19,
brem = False
input State:
[[ 0.        ]
 [ 0.        ]
 [ 0.01626596]
 [ 0.00428633]
 [-0.03331206]]

Simulating particle
Particle track 35 is saved
Initiating Kalman filtering for particle: 35
Particle 35:
eta 4.792835332225184, phi 1.341928332996261,
p 9.25730966440578, q -1.60217662e-19,
brem = False
output State:
State Vector:
x:  [[-6.75464007529033e-05]
y:   [0.00015801913772322943]
tx:  [0.016146667274308586]
ty:  [0.0037613598756848082]
q/p: [-0.03238613702253651]]
Covariance matrix:
[[ 1.4e-05  3.7e-10 -7.1e-06 -4.4e-10 -2.9e-06]
 [ 3.7e-10  1.0e-05  1.9e-10 -3.2e-06 -2.1e-10]
 [-7.1e-06  1.9e-10  6.2e-06 -1.6e-10  2.8e-06]
 [-4.4e-10 -3.2e-06 -1.6e-10  3.5e-06  2.0e-10]
 [-2.9e-06 -2.1e-10  2.8e-06  2.0e-10  1.6e-06]]
Data added to list for particle: 35
Particle 36:
eta 4.867297153152374, phi 1.7379041151246384,
p 9.0, q 1.60217662e-19,
brem = False
input State:
[[ 0.        ]
 [ 0.        ]
 [ 0.01517481]
 [-0.0025597 ]
 [ 0.03331206]]

Simulating particle
Particle track 36 is saved
Initiating Kalman filtering for particle: 36
Particle 36:
eta 5.0688683272025505, phi 1.8054312877554088,
p 9.717616296241653, q 1.60217662e-19,
brem = False
output State:
State Vector:
x:  [[0.003028099199911525]
y:   [0.0002222465095283577]
tx:  [0.012234876014715764]
ty:  [-0.002924597515375923]
q/p: [0.03085206187524092]]
Covariance matrix:
[[ 2.7e-05 -3.7e-13 -2.0e-05  5.3e-11 -1.0e-05]
 [-3.7e-13  1.0e-05 -4.2e-10 -3.5e-06 -4.6e-10]
 [-2.0e-05 -4.2e-10  1.8e-05  4.0e-10  9.7e-06]
 [ 5.3e-11 -3.5e-06  4.0e-10  3.9e-06  4.6e-10]
 [-1.0e-05 -4.6e-10  9.7e-06  4.6e-10  5.6e-06]]
Data added to list for particle: 36
Particle 37:
eta 2.332916622126762, phi 2.6884616402640336,
p 9.0, q -1.60217662e-19,
brem = False
input State:
[[ 0.        ]
 [ 0.        ]
 [ 0.0857477 ]
 [-0.17610131]
 [-0.03331206]]

Simulating particle
Particle track 37 is saved
Initiating Kalman filtering for particle: 37
Particle 37:
eta 2.3420153575551788, phi 2.6890886643381475,
p 9.878599010707976, q -1.60217662e-19,
brem = False
output State:
State Vector:
x:  [[-5.215669584495156e-05]
y:   [0.00039563422643379854]
tx:  [0.08484706623404131]
ty:  [-0.1745296194993641]
q/p: [-0.030349293348835953]]
Covariance matrix:
[[ 5.4e-06  7.8e-10 -2.2e-06 -9.2e-10 -8.5e-07]
 [ 7.8e-10  5.1e-06 -1.2e-09 -1.0e-06  3.3e-09]
 [-2.2e-06 -1.2e-09  4.1e-06 -2.3e-09  1.9e-06]
 [-9.2e-10 -1.0e-06 -2.3e-09  3.2e-06 -6.7e-09]
 [-8.5e-07  3.3e-09  1.9e-06 -6.7e-09  1.2e-06]]
Data added to list for particle: 37
Particle 38:
eta 2.1579154918907317, phi 0.8832823446645031,
p 9.0, q 1.60217662e-19,
brem = False
input State:
[[0.        ]
 [0.        ]
 [0.18104238]
 [0.1486657 ]
 [0.03331206]]

Simulating particle
Particle track 38 is saved
Initiating Kalman filtering for particle: 38
Particle 38:
eta 2.175156954515149, phi 0.8775412462789728,
p 10.457568196839336, q 1.60217662e-19,
brem = False
output State:
State Vector:
x:  [[0.0006368402510940674]
y:   [-0.0003064369073583491]
tx:  [0.17702463463687032]
ty:  [0.14707618073472825]
q/p: [0.028669045576208647]]
Covariance matrix:
[[ 9.6e-06 -1.6e-08 -6.3e-06  8.8e-08 -3.7e-06]
 [-1.6e-08  5.1e-06  3.0e-08 -1.1e-06  3.1e-08]
 [-6.3e-06  3.0e-08  1.1e-05 -1.7e-07  7.1e-06]
 [ 8.8e-08 -1.1e-06 -1.7e-07  3.5e-06 -1.7e-07]
 [-3.7e-06  3.1e-08  7.1e-06 -1.7e-07  5.5e-06]]
Data added to list for particle: 38
Particle 39:
eta 3.7454265814110976, phi -1.144501325164876,
p 9.0, q -1.60217662e-19,
brem = False
input State:
[[ 0.        ]
 [ 0.        ]
 [-0.04304634]
 [ 0.01954925]
 [-0.03331206]]

Simulating particle
Particle track 39 is saved
Initiating Kalman filtering for particle: 39
Particle 39:
eta 3.745604221784029, phi -1.1500242033900752,
p 9.163957732317263, q -1.60217662e-19,
brem = False
output State:
State Vector:
x:  [[0.0003570285109405178]
y:   [-0.00010972344513323884]
tx:  [-0.04314597816838039]
ty:  [0.019307780858933612]
q/p: [-0.03271604998724556]]
Covariance matrix:
[[ 4.8e-06 -3.3e-10 -3.0e-06  6.4e-10 -1.3e-06]
 [-3.3e-10  3.8e-06  5.5e-10 -1.6e-06 -6.5e-10]
 [-3.0e-06  5.5e-10  4.4e-06 -1.2e-09  2.0e-06]
 [ 6.4e-10 -1.6e-06 -1.2e-09  3.1e-06  1.2e-09]
 [-1.3e-06 -6.5e-10  2.0e-06  1.2e-09  1.3e-06]]
Data added to list for particle: 39
Particle 40:
eta 2.487511832692355, phi -3.024321111153566,
p 11.0, q 1.60217662e-19,
brem = False
input State:
[[ 0.        ]
 [ 0.        ]
 [-0.01958505]
 [-0.16623972]
 [ 0.02725532]]

Simulating particle
Particle track 40 is saved
Initiating Kalman filtering for particle: 40
Particle 40:
eta 2.4925764022781323, phi -3.0091964046982165,
p 12.454379177539797, q 1.60217662e-19,
brem = False
output State:
State Vector:
x:  [[0.0015327593258193033]
y:   [0.000683703653074883]
tx:  [-0.021983873107695104]
ty:  [-0.16507471226557957]
q/p: [0.024072536653787696]]
Covariance matrix:
[[ 6.3e-06  3.2e-09 -4.2e-06 -9.2e-09 -2.2e-06]
 [ 3.2e-09  3.9e-06 -4.5e-09 -9.1e-07 -6.3e-09]
 [-4.2e-06 -4.5e-09  8.4e-06  1.2e-08  4.8e-06]
 [-9.2e-09 -9.1e-07  1.2e-08  2.9e-06  1.7e-08]
 [-2.2e-06 -6.3e-09  4.8e-06  1.7e-08  3.0e-06]]
Data added to list for particle: 40
Particle 41:
eta 4.900136187067102, phi -0.4296115848126269,
p 11.0, q -1.60217662e-19,
brem = False
input State:
[[ 0.        ]
 [ 0.        ]
 [-0.00620277]
 [ 0.0135387 ]
 [-0.02725532]]

Simulating particle
Particle track 41 is saved
Initiating Kalman filtering for particle: 41
Particle 41:
eta 4.9371445904454205, phi -0.4372764252369115,
p 11.186948981597675, q -1.60217662e-19,
brem = False
output State:
State Vector:
x:  [[7.832616507546872e-06]
y:   [0.00023349125408535806]
tx:  [-0.0060772090530429165]
ty:  [0.01300055764764763]
q/p: [-0.02679984504664109]]
Covariance matrix:
[[ 1.4e-05 -4.6e-09 -6.6e-06  4.8e-09 -2.8e-06]
 [-4.6e-09  1.0e-05  7.3e-10 -3.1e-06 -5.8e-10]
 [-6.6e-06  7.3e-10  5.7e-06 -7.3e-10  2.6e-06]
 [ 4.8e-09 -3.1e-06 -7.3e-10  3.2e-06  5.7e-10]
 [-2.8e-06 -5.8e-10  2.6e-06  5.7e-10  1.5e-06]]
Data added to list for particle: 41
Particle 42:
eta 2.8832807895566486, phi -0.6498653232096863,
p 11.0, q 1.60217662e-19,
brem = False
input State:
[[ 0.        ]
 [ 0.        ]
 [-0.06792208]
 [ 0.08937211]
 [ 0.02725532]]

Simulating particle
Particle track 42 is saved
Initiating Kalman filtering for particle: 42
Particle 42:
eta 2.8658977596531887, phi -0.6721717726818945,
p 12.874368966129634, q 1.60217662e-19,
brem = False
output State:
State Vector:
x:  [[0.0017317988321585854]
y:   [-0.0007835614514052123]
tx:  [-0.07113216368487107]
ty:  [0.08938501279357519]
q/p: [0.023287238391275278]]
Covariance matrix:
[[ 5.0e-06  1.3e-10 -3.7e-06 -7.4e-10 -1.9e-06]
 [ 1.3e-10  4.0e-06  2.9e-09 -1.1e-06  3.7e-09]
 [-3.7e-06  2.9e-09  8.2e-06 -7.2e-09  4.6e-06]
 [-7.4e-10 -1.1e-06 -7.2e-09  2.9e-06 -7.9e-09]
 [-1.9e-06  3.7e-09  4.6e-06 -7.9e-09  2.9e-06]]
Data added to list for particle: 42
Particle 43:
eta 3.2834093803556317, phi -1.4487593364975047,
p 11.0, q -1.60217662e-19,
brem = False
input State:
[[ 0.        ]
 [ 0.        ]
 [-0.07454741]
 [ 0.00914298]
 [-0.02725532]]

Simulating particle
Particle track 43 is saved
Initiating Kalman filtering for particle: 43
Particle 43:
eta 3.2978830640236536, phi -1.4531426586784222,
p 11.198711940370593, q -1.60217662e-19,
brem = False
output State:
State Vector:
x:  [[0.0005770856683610935]
y:   [9.511463832879383e-06]
tx:  [-0.07351204348779003]
ty:  [0.00868909119807409]
q/p: [-0.02677169489204449]]
Covariance matrix:
[[ 4.6e-06 -1.7e-09 -2.2e-06  4.5e-09 -9.3e-07]
 [-1.7e-09  4.0e-06  1.7e-10 -1.1e-06 -1.7e-10]
 [-2.2e-06  1.7e-10  3.8e-06 -5.4e-10  1.9e-06]
 [ 4.5e-09 -1.1e-06 -5.4e-10  2.8e-06  4.3e-10]
 [-9.3e-07 -1.7e-10  1.9e-06  4.3e-10  1.2e-06]]
Data added to list for particle: 43
Particle 44:
eta 4.141647687373845, phi -0.1578904820156783,
p 11.0, q 1.60217662e-19,
brem = False
input State:
[[ 0.        ]
 [ 0.        ]
 [-0.00500029]
 [ 0.03140574]
 [ 0.02725532]]

Simulating particle
Particle track 44 is saved
Initiating Kalman filtering for particle: 44
Particle 44:
eta 4.141000126628554, phi -0.23018190195801122,
p 11.915341604778776, q 1.60217662e-19,
brem = False
output State:
State Vector:
x:  [[0.001670114816287096]
y:   [-0.00015662232583684078]
tx:  [-0.00726031868808431]
ty:  [0.030982615059421056]
q/p: [0.02516155299578281]]
Covariance matrix:
[[ 1.1e-05  4.7e-10 -9.6e-06 -8.7e-10 -5.2e-06]
 [ 4.7e-10  6.5e-06  3.1e-09 -2.3e-06  3.5e-09]
 [-9.6e-06  3.1e-09  1.2e-05 -3.9e-09  7.0e-06]
 [-8.7e-10 -2.3e-06 -3.9e-09  3.1e-06 -4.4e-09]
 [-5.2e-06  3.5e-09  7.0e-06 -4.4e-09  4.2e-06]]
Data added to list for particle: 44
Particle 45:
eta 3.9819684922383027, phi -0.7559566296005283,
p 11.0, q -1.60217662e-19,
brem = False
input State:
[[ 0.        ]
 [ 0.        ]
 [-0.02559462]
 [ 0.02714789]
 [-0.02725532]]

Simulating particle
Particle track 45 is saved
Initiating Kalman filtering for particle: 45
Particle 45:
eta 3.98581173376344, phi -0.7707489996839657,
p 11.18899328332686, q -1.60217662e-19,
brem = False
output State:
State Vector:
x:  [[0.00046963935532431836]
y:   [4.362442666264779e-06]
tx:  [-0.02589361529608748]
ty:  [0.026663589472153908]
q/p: [-0.02679494854092485]]
Covariance matrix:
[[ 6.2e-06 -8.2e-10 -3.6e-06  1.3e-09 -1.6e-06]
 [-8.2e-10  4.8e-06  7.8e-10 -1.8e-06 -7.8e-10]
 [-3.6e-06  7.8e-10  4.4e-06 -1.3e-09  2.1e-06]
