This is the start of the log file generated at 08_12_20h27m42s

15 VELO-type subdetectors added at z-locations: [20, 50, 80, 110, 140, 170, 200, 230, 260, 290, 450, 600, 650, 700, 750]
4 TT-type subdetectors added at z-locations: [2330, 2370, 2600, 2640]
24 OT-type subdetectors added at z-locations: [7860, 7870, 7910, 7920, 7980, 7990, 8030, 8040, 8540, 8550, 8590, 8600, 8660, 8670, 8710, 8720, 9230, 9240, 9280, 9290, 9350, 9360, 9400, 9410]
The detector is built.
Generating 490 particles...
Particle 0:
eta 3.7844466230032165, phi 0.6927470217971069,
p 3.0, q 1.60217662e-19,
brem = False
input State:
[[0.        ]
 [0.        ]
 [0.02903723]
 [0.0349861 ]
 [0.09993617]]

Simulating particle
Particle track 0 is saved
Initiating Kalman filtering for particle: 0
Particle 0:
eta 3.939050990984956, phi 0.539163198472556,
p 3.60006952447366, q 1.60217662e-19,
brem = False
output State:
State Vector:
x:  [[0.004954767131683664]
y:   [0.00017370019708449764]
tx:  [0.0199966687393431]
ty:  [0.033422885184418445]
q/p: [0.08327853037652927]]
Covariance matrix:
[[ 5.9e-06 -3.7e-10 -5.1e-06  1.9e-10 -1.8e-06]
 [-3.7e-10  6.1e-06 -6.6e-10 -4.8e-06  8.4e-09]
 [-5.1e-06 -6.6e-10  8.9e-06  3.1e-09  2.7e-06]
 [ 1.9e-10 -4.8e-06  3.1e-09  1.0e-05 -1.4e-08]
 [-1.8e-06  8.4e-09  2.7e-06 -1.4e-08  2.8e-06]]
Data added to list for particle: 0
Particle 1:
eta 2.316463236377774, phi 2.9959614082793613,
p 3.0, q -1.60217662e-19,
brem = False
input State:
[[ 0.        ]
 [ 0.        ]
 [ 0.02890453]
 [-0.1970724 ]
 [-0.09993617]]

Simulating particle
Particle track 1 is saved
Initiating Kalman filtering for particle: 1
Particle 1:
eta 2.314641157369282, phi 2.984317785883442,
p 3.8243709251466442, q -1.60217662e-19,
brem = False
output State:
State Vector:
x:  [[-0.0007509835660105804]
y:   [0.0006377840644540122]
tx:  [0.03125516991733475]
ty:  [-0.19708833032518247]
q/p: [-0.07839420001866083]]
Covariance matrix:
[[ 5.6e-06  3.1e-10 -3.0e-06  2.1e-09 -8.2e-07]
 [ 3.1e-10  5.3e-06 -1.2e-09 -2.0e-06  1.5e-08]
 [-3.0e-06 -1.2e-09  7.7e-06 -4.0e-09  1.7e-06]
 [ 2.1e-09 -2.0e-06 -4.0e-09  1.1e-05 -3.6e-08]
 [-8.2e-07  1.5e-08  1.7e-06 -3.6e-08  1.9e-06]]
Data added to list for particle: 1
Particle 2:
eta 3.35905827935888, phi -2.647072200633733,
p 3.0, q 1.60217662e-19,
brem = False
input State:
[[ 0.        ]
 [ 0.        ]
 [-0.03304238]
 [-0.06127939]
 [ 0.09993617]]

Simulating particle
Particle track 2 is saved
Initiating Kalman filtering for particle: 2
Particle 2:
eta 3.282610154682159, phi -2.533890055099288,
p 4.079928230787437, q 1.60217662e-19,
brem = False
output State:
State Vector:
x:  [[0.005092444989591275]
y:   [0.000741261302305118]
tx:  [-0.04291862047502672]
ty:  [-0.06170860011855661]
q/p: [0.07348376792246494]]
Covariance matrix:
[[ 5.3e-06  5.0e-09 -4.2e-06 -1.9e-08 -1.3e-06]
 [ 5.0e-09  6.0e-06 -1.8e-08 -3.4e-06 -8.2e-09]
 [-4.2e-06 -1.8e-08  1.0e-05  7.2e-08  2.4e-06]
 [-1.9e-08 -3.4e-06  7.2e-08  1.1e-05  1.5e-08]
 [-1.3e-06 -8.2e-09  2.4e-06  1.5e-08  2.6e-06]]
Data added to list for particle: 2
Particle 3:
eta 3.59669579520177, phi 1.9456501883932449,
p 3.0, q -1.60217662e-19,
brem = False
input State:
[[ 0.        ]
 [ 0.        ]
 [ 0.05105947]
 [-0.02008975]
 [-0.09993617]]

Simulating particle
Particle track 3 is saved
Initiating Kalman filtering for particle: 3
Particle 3:
eta 3.5622430873678086, phi 1.90785514836485,
p 3.798868450050252, q -1.60217662e-19,
brem = False
output State:
State Vector:
x:  [[-0.0015673621811135503]
y:   [-0.0003226322288883667]
tx:  [0.053600113694369136]
ty:  [-0.018783146824130688]
q/p: [-0.07892047413422044]]
Covariance matrix:
[[ 5.6e-06 -4.6e-10 -4.6e-06  1.4e-09 -1.2e-06]
 [-4.6e-10  4.8e-06  6.9e-10 -4.1e-06  1.9e-09]
 [-4.6e-06  6.9e-10  8.2e-06 -2.5e-09  1.8e-06]
 [ 1.4e-09 -4.1e-06 -2.5e-09  1.0e-05 -3.2e-09]
 [-1.2e-06  1.9e-09  1.8e-06 -3.2e-09  1.8e-06]]
Data added to list for particle: 3
Particle 4:
eta 3.5997170216936656, phi -2.1037126088480176,
p 3.0, q 1.60217662e-19,
brem = False
input State:
[[ 0.        ]
 [ 0.        ]
 [-0.04711795]
 [-0.02779211]
 [ 0.09993617]]

Simulating particle
Particle track 4 is saved
Initiating Kalman filtering for particle: 4
Particle 4:
eta 3.415612307048115, phi -2.025125048991064,
p 4.196665066846369, q 1.60217662e-19,
brem = False
output State:
State Vector:
x:  [[0.006999157670672232]
y:   [0.00039334639980792525]
tx:  [-0.059110219594831474]
ty:  [-0.028869731631531486]
q/p: [0.07143970140004322]]
Covariance matrix:
[[ 6.3e-06 -4.2e-10 -4.9e-06  1.1e-09 -1.6e-06]
 [-4.2e-10  4.8e-06 -1.9e-09 -4.1e-06 -3.9e-09]
 [-4.9e-06 -1.9e-09  9.0e-06  5.1e-09  2.5e-06]
 [ 1.1e-09 -4.1e-06  5.1e-09  9.9e-06  6.5e-09]
 [-1.6e-06 -3.9e-09  2.5e-06  6.5e-09  2.5e-06]]
Data added to list for particle: 4
Particle 5:
eta 2.2207408081246376, phi -1.8319823237786952,
p 3.0, q -1.60217662e-19,
brem = False
input State:
[[ 0.        ]
 [ 0.        ]
 [-0.21219506]
 [-0.05671802]
 [-0.09993617]]

Simulating particle
Particle track 5 is saved
Initiating Kalman filtering for particle: 5
Particle 5:
eta 2.2173045135996574, phi -1.838268440747657,
p 3.14927697746978, q -1.60217662e-19,
brem = False
output State:
State Vector:
x:  [[0.0012160328639234622]
y:   [0.00038040589194600035]
tx:  [-0.21258098844756873]
ty:  [-0.05825538011613615]
q/p: [-0.09519915250273471]]
Covariance matrix:
[[ 8.1e-06  2.5e-09 -3.7e-06 -1.5e-08 -1.1e-06]
 [ 2.5e-09  5.3e-06 -8.1e-09 -1.9e-06  7.7e-09]
 [-3.7e-06 -8.1e-09  8.1e-06  6.3e-08  2.0e-06]
 [-1.5e-08 -1.9e-06  6.3e-08  1.0e-05 -3.4e-08]
 [-1.1e-06  7.7e-09  2.0e-06 -3.4e-08  2.3e-06]]
Data added to list for particle: 5
Particle 6:
eta 2.1367913367231552, phi -1.017819564143596,
p 3.0, q 1.60217662e-19,
brem = False
input State:
[[ 0.        ]
 [ 0.        ]
 [-0.20372201]
 [ 0.12573895]
 [ 0.09993617]]

Simulating particle
Particle track 6 is saved
Initiating Kalman filtering for particle: 6
Particle 6:
eta 2.077046167056122, phi -1.0623188187835135,
p 9.098123480861704, q 1.60217662e-19,
brem = False
output State:
State Vector:
x:  [[0.010759504083649703]
y:   [-0.00026246266201073343]
tx:  [-0.22238687618474956]
ty:  [0.12394989675109173]
q/p: [0.03295278415182616]]
Covariance matrix:
[[ 8.2e-06 -2.2e-09 -3.9e-06  1.5e-08 -1.1e-06]
 [-2.2e-09  5.3e-06  1.3e-08 -2.1e-06  6.6e-09]
 [-3.9e-06  1.3e-08  8.6e-06 -1.0e-07  1.7e-06]
 [ 1.5e-08 -2.1e-06 -1.0e-07  1.2e-05  4.3e-09]
 [-1.1e-06  6.6e-09  1.7e-06  4.3e-09  1.7e-06]]
Data added to list for particle: 6
Particle 7:
eta 3.6248738713807165, phi 0.4497056928142858,
p 3.0, q -1.60217662e-19,
brem = False
input State:
[[ 0.        ]
 [ 0.        ]
 [ 0.02318815]
 [ 0.04803921]
 [-0.09993617]]

Simulating particle
Particle track 7 is saved
Initiating Kalman filtering for particle: 7
Particle 7:
eta 3.617001438729345, phi 0.4562664436290464,
p 3.6284123093147485, q -1.60217662e-19,
brem = False
output State:
State Vector:
x:  [[-0.0005332822309473568]
y:   [-0.00024460799868731946]
tx:  [0.023688840211499668]
ty:  [0.04826505245293771]
q/p: [-0.08262801294159373]]
Covariance matrix:
[[ 5.5e-06 -4.0e-10 -4.6e-06  4.6e-10 -1.2e-06]
 [-4.0e-10  4.7e-06  3.0e-10 -3.9e-06 -5.4e-09]
 [-4.6e-06  3.0e-10  8.1e-06  3.4e-10  1.8e-06]
 [ 4.6e-10 -3.9e-06  3.4e-10  9.5e-06  9.5e-09]
 [-1.2e-06 -5.4e-09  1.8e-06  9.5e-09  1.9e-06]]
Data added to list for particle: 7
Particle 8:
eta 4.161603516231432, phi 1.5544486000601203,
p 3.0, q 1.60217662e-19,
brem = False
input State:
[[0.        ]
 [0.        ]
 [0.03116851]
 [0.00050958]
 [0.09993617]]

Simulating particle
Particle track 8 is saved
Initiating Kalman filtering for particle: 8
Particle 8:
eta 4.510441913167105, phi 1.5617451899641288,
p 3.6081638816191695, q 1.60217662e-19,
brem = False
output State:
State Vector:
x:  [[0.005821913026619313]
y:   [0.0002546343789094481]
tx:  [0.02198895871622916]
ty:  [0.0001990305092003504]
q/p: [0.08309170788466444]]
Covariance matrix:
[[ 8.1e-06  7.2e-10 -6.6e-06 -1.3e-09 -2.4e-06]
 [ 7.2e-10  2.2e-05  1.6e-10 -3.1e-05 -1.2e-09]
 [-6.6e-06  1.6e-10  1.0e-05 -3.4e-10  3.1e-06]
 [-1.3e-09 -3.1e-05 -3.4e-10  5.4e-05  2.0e-09]
 [-2.4e-06 -1.2e-09  3.1e-06  2.0e-09  3.0e-06]]
Data added to list for particle: 8
Particle 9:
eta 4.598877879318255, phi -0.0914735863982164,
p 3.0, q -1.60217662e-19,
brem = False
input State:
[[ 0.        ]
 [ 0.        ]
 [-0.00183864]
 [ 0.02004413]
 [-0.09993617]]

Simulating particle
Particle track 9 is saved
Initiating Kalman filtering for particle: 9
Particle 9:
eta 4.672084091314307, phi 0.09497255326405198,
p 3.5061809273728484, q -1.60217662e-19,
brem = False
output State:
State Vector:
x:  [[-0.0024261135766904533]
y:   [0.0006504788364228574]
tx:  [0.0017739962217628424]
ty:  [0.018622846941392508]
q/p: [-0.08550856486351974]]
Covariance matrix:
[[ 1.1e-05  1.0e-09 -8.2e-06 -1.9e-09 -2.3e-06]
 [ 1.0e-09  1.3e-05  1.8e-09 -8.0e-06 -5.3e-09]
 [-8.2e-06  1.8e-09  1.1e-05 -2.4e-09  2.5e-06]
 [-1.9e-09 -8.0e-06 -2.4e-09  1.2e-05  5.6e-09]
 [-2.3e-06 -5.3e-09  2.5e-06  5.6e-09  2.1e-06]]
Data added to list for particle: 9
Particle 10:
eta 3.666067454981841, phi 2.27131894882693,
p 5.0, q 1.60217662e-19,
brem = False
input State:
[[ 0.        ]
 [ 0.        ]
 [ 0.03913289]
 [-0.03299615]
 [ 0.0599617 ]]

Simulating particle
Particle track 10 is saved
Initiating Kalman filtering for particle: 10
Particle 10:
eta 3.722097836664569, phi 2.306825019423572,
p 5.325154166932141, q 1.60217662e-19,
brem = False
output State:
State Vector:
x:  [[0.0015653457153642434]
y:   [-8.637259154247995e-05]
tx:  [0.03586724924075268]
ty:  [-0.032489755603591984]
q/p: [0.056300435603016306]]
Covariance matrix:
[[ 5.9e-06 -9.3e-10 -4.9e-06  2.4e-09 -2.3e-06]
 [-9.3e-10  4.1e-06 -6.5e-10 -2.3e-06 -4.1e-09]
 [-4.9e-06 -6.5e-10  7.6e-06  4.2e-10  3.6e-06]
 [ 2.4e-09 -2.3e-06  4.2e-10  5.1e-06  7.7e-09]
 [-2.3e-06 -4.1e-09  3.6e-06  7.7e-09  2.7e-06]]
Data added to list for particle: 10
Particle 11:
eta 3.883081641149881, phi -1.596424357324788,
p 5.0, q -1.60217662e-19,
brem = False
input State:
[[ 0.        ]
 [ 0.        ]
 [-0.0411785 ]
 [-0.00105555]
 [-0.0599617 ]]

Simulating particle
Particle track 11 is saved
Initiating Kalman filtering for particle: 11
Particle 11:
eta 3.909819882425998, phi -1.609784485834377,
p 5.171666555166274, q -1.60217662e-19,
brem = False
output State:
State Vector:
x:  [[-0.0001027114183988589]
y:   [0.00012574870077190455]
tx:  [-0.04007385767174712]
ty:  [-0.0015631980767533873]
q/p: [-0.057971351411277884]]
Covariance matrix:
[[ 5.1e-06 -1.3e-10 -3.7e-06  2.7e-10 -1.4e-06]
 [-1.3e-10  5.5e-06 -2.6e-10 -3.3e-06  6.5e-10]
 [-3.7e-06 -2.6e-10  5.7e-06  4.7e-10  2.2e-06]
 [ 2.7e-10 -3.3e-06  4.7e-10  6.2e-06 -1.1e-09]
 [-1.4e-06  6.5e-10  2.2e-06 -1.1e-09  1.6e-06]]
Data added to list for particle: 11
Particle 12:
eta 3.835214043201736, phi -2.9149968051473163,
p 5.0, q 1.60217662e-19,
brem = False
input State:
[[ 0.        ]
 [ 0.        ]
 [-0.00970844]
 [-0.04210891]
 [ 0.0599617 ]]

Simulating particle
Particle track 12 is saved
Initiating Kalman filtering for particle: 12
Particle 12:
eta 3.814904002527675, phi -2.8435994410481964,
p 5.5904772057678676, q 1.60217662e-19,
brem = False
output State:
State Vector:
x:  [[0.0023296872540753254]
y:   [0.0003148220166897536]
tx:  [-0.012948186123369874]
ty:  [-0.04215744247170139]
q/p: [0.05362842709423363]]
Covariance matrix:
[[ 6.0e-06  1.1e-09 -4.9e-06 -1.7e-09 -2.3e-06]
 [ 1.1e-09  5.2e-06 -1.8e-09 -2.8e-06 -5.3e-09]
 [-4.9e-06 -1.8e-09  7.6e-06  2.9e-09  3.6e-06]
 [-1.7e-09 -2.8e-06  2.9e-09  5.3e-06  8.1e-09]
 [-2.3e-06 -5.3e-09  3.6e-06  8.1e-09  2.6e-06]]
Data added to list for particle: 12
Particle 13:
eta 4.144507337888112, phi -0.631582678375174,
p 5.0, q -1.60217662e-19,
brem = False
input State:
[[ 0.        ]
 [ 0.        ]
 [-0.01872258]
 [ 0.02559332]
 [-0.0599617 ]]

Simulating particle
Particle track 13 is saved
Initiating Kalman filtering for particle: 13
Particle 13:
eta 4.1349107988658105, phi -0.6356977783554907,
p 5.234687543521143, q -1.60217662e-19,
brem = False
output State:
State Vector:
x:  [[0.0003823049672797032]
y:   [-0.00034386671915736345]
tx:  [-0.01900938103181433]
ty:  [0.025762227878189842]
q/p: [-0.057273427832872925]]
Covariance matrix:
[[ 6.9e-06 -3.7e-09 -4.7e-06  5.7e-09 -1.8e-06]
 [-3.7e-09  7.1e-06  1.4e-09 -3.4e-06 -2.7e-09]
 [-4.7e-06  1.4e-09  6.3e-06 -2.3e-09  2.4e-06]
 [ 5.7e-09 -3.4e-06 -2.3e-09  5.4e-06  3.5e-09]
 [-1.8e-06 -2.7e-09  2.4e-06  3.5e-09  1.7e-06]]
Data added to list for particle: 13
Particle 14:
eta 4.389311845778792, phi 1.0394800107469868,
p 5.0, q 1.60217662e-19,
brem = False
input State:
[[0.        ]
 [0.        ]
 [0.02140037]
 [0.01257671]
 [0.0599617 ]]

Simulating particle
Particle track 14 is saved
Initiating Kalman filtering for particle: 14
Particle 14:
eta 4.548747021147168, phi 0.9061633359361139,
p 5.444131959405449, q 1.60217662e-19,
brem = False
output State:
State Vector:
x:  [[0.0036792599993691476]
y:   [-0.00016673068802407898]
tx:  [0.016658528348050414]
ty:  [0.013052879457787317]
q/p: [0.05507002796534692]]
Covariance matrix:
[[ 1.3e-05 -4.0e-09 -9.3e-06  4.7e-09 -4.4e-06]
 [-4.0e-09  1.1e-05  1.1e-09 -4.6e-06  3.4e-09]
 [-9.3e-06  1.1e-09  1.1e-05 -8.3e-10  5.0e-06]
 [ 4.7e-09 -4.6e-06 -8.3e-10  5.8e-06 -3.5e-09]
 [-4.4e-06  3.4e-09  5.0e-06 -3.5e-09  3.4e-06]]
Data added to list for particle: 14
Particle 15:
eta 3.586257780330465, phi 0.8952466897916554,
p 5.0, q -1.60217662e-19,
brem = False
input State:
[[ 0.        ]
 [ 0.        ]
 [ 0.04326815]
 [ 0.03467194]
 [-0.0599617 ]]

Simulating particle
Particle track 15 is saved
Initiating Kalman filtering for particle: 15
Particle 15:
eta 3.596674964204468, phi 0.8891935713353034,
p 5.455636743408573, q -1.60217662e-19,
brem = False
output State:
State Vector:
x:  [[-0.0001898245892778206]
y:   [-6.812635324729966e-05]
tx:  [0.04261059887196888]
ty:  [0.034570646492210956]
q/p: [-0.05495389692389648]]
Covariance matrix:
[[ 5.1e-06  1.5e-09 -3.6e-06 -3.6e-09 -1.4e-06]
 [ 1.5e-09  4.1e-06  1.8e-11 -2.3e-06 -1.9e-09]
 [-3.6e-06  1.8e-11  5.7e-06  8.5e-10  2.1e-06]
 [-3.6e-09 -2.3e-06  8.5e-10  5.0e-06  3.1e-09]
 [-1.4e-06 -1.9e-09  2.1e-06  3.1e-09  1.6e-06]]
Data added to list for particle: 15
Particle 16:
eta 4.817675605795441, phi -2.8080010412398537,
p 5.0, q 1.60217662e-19,
brem = False
input State:
[[ 0.        ]
 [ 0.        ]
 [-0.0052954 ]
 [-0.01528064]
 [ 0.0599617 ]]

Simulating particle
Particle track 16 is saved
Initiating Kalman filtering for particle: 16
Particle 16:
eta 4.622903763128217, phi -2.494955284181104,
p 5.635605534289926, q 1.60217662e-19,
brem = False
output State:
State Vector:
x:  [[0.006525150746873527]
y:   [0.0004588902855892481]
tx:  [-0.011839455618373584]
ty:  [-0.015683226621397164]
q/p: [0.053198985881341004]]
Covariance matrix:
[[ 2.1e-05  2.0e-09 -1.4e-05 -2.0e-09 -6.7e-06]
 [ 2.0e-09  1.1e-05 -2.0e-09 -4.8e-06 -3.9e-09]
 [-1.4e-05 -2.0e-09  1.3e-05  2.0e-09  6.3e-06]
 [-2.0e-09 -4.8e-06  2.0e-09  6.1e-06  4.0e-09]
 [-6.7e-06 -3.9e-09  6.3e-06  4.0e-09  3.9e-06]]
Data added to list for particle: 16
Particle 17:
eta 2.4209784167263786, phi 0.40953476513887194,
p 5.0, q -1.60217662e-19,
brem = False
input State:
[[ 0.        ]
 [ 0.        ]
 [ 0.07130756]
 [ 0.16427354]
 [-0.0599617 ]]

Simulating particle
Particle track 17 is saved
Initiating Kalman filtering for particle: 17
Particle 17:
eta 2.4375935356472245, phi 0.4138888370796415,
p 5.717423966473402, q -1.60217662e-19,
brem = False
output State:
State Vector:
x:  [[-5.778166388671087e-05]
y:   [-0.00036896289358863204]
tx:  [0.0708169613374974]
ty:  [0.16121785852834622]
q/p: [-0.05243768889792927]]
Covariance matrix:
[[ 5.5e-06 -4.5e-10 -2.5e-06 -5.0e-10 -9.0e-07]
 [-4.5e-10  4.0e-06 -6.9e-10 -1.3e-06 -5.2e-09]
 [-2.5e-06 -6.9e-10  5.3e-06  1.2e-08  1.9e-06]
 [-5.0e-10 -1.3e-06  1.2e-08  5.4e-06  1.1e-08]
 [-9.0e-07 -5.2e-09  1.9e-06  1.1e-08  1.5e-06]]
Data added to list for particle: 17
Particle 18:
eta 2.5180033317204398, phi -0.13841537390102687,
p 5.0, q 1.60217662e-19,
brem = False
input State:
[[ 0.        ]
 [ 0.        ]
 [-0.02239256]
 [ 0.16074349]
 [ 0.0599617 ]]

Simulating particle
Particle track 18 is saved
Initiating Kalman filtering for particle: 18
Particle 18:
eta 2.5253169133118605, phi -0.165555428319405,
p 5.83658178406316, q 1.60217662e-19,
brem = False
output State:
State Vector:
x:  [[0.001978273625262114]
y:   [-0.0005593064826148843]
tx:  [-0.02654894242750002]
ty:  [0.15889507145219764]
q/p: [0.051367137537612656]]
Covariance matrix:
[[ 5.8e-06 -1.3e-09 -3.3e-06  3.7e-09 -1.5e-06]
 [-1.3e-09  4.0e-06  3.4e-09 -1.3e-06  9.4e-09]
 [-3.3e-06  3.4e-09  6.9e-06 -1.2e-08  3.2e-06]
 [ 3.7e-09 -1.3e-06 -1.2e-08  5.3e-06 -2.5e-08]
 [-1.5e-06  9.4e-09  3.2e-06 -2.5e-08  2.5e-06]]
Data added to list for particle: 18
Particle 19:
eta 3.2814967737132075, phi -2.6355817522408347,
p 5.0, q -1.60217662e-19,
brem = False
input State:
[[ 0.        ]
 [ 0.        ]
 [-0.03647315]
 [-0.0658202 ]
 [-0.0599617 ]]

Simulating particle
Particle track 19 is saved
Initiating Kalman filtering for particle: 19
Particle 19:
eta 3.2945427147920494, phi -2.639166234960381,
p 5.223564612033992, q -1.60217662e-19,
brem = False
output State:
State Vector:
x:  [[0.00014102113011430878]
y:   [0.00035894644034998663]
tx:  [-0.03576601218298303]
ty:  [-0.06509334807330766]
q/p: [-0.057395384477642225]]
Covariance matrix:
[[ 4.8e-06 -1.3e-10 -2.8e-06  5.0e-10 -1.1e-06]
 [-1.3e-10  4.2e-06 -1.9e-09 -1.6e-06  3.4e-09]
 [-2.8e-06 -1.9e-09  5.5e-06  6.8e-09  2.1e-06]
 [ 5.0e-10 -1.6e-06  6.8e-09  5.2e-06 -9.0e-09]
 [-1.1e-06  3.4e-09  2.1e-06 -9.0e-09  1.6e-06]]
Data added to list for particle: 19
Particle 20:
eta 2.630456557846083, phi 1.0541325050839523,
p 7.0, q 1.60217662e-19,
brem = False
input State:
[[0.        ]
 [0.        ]
 [0.12593688]
 [0.07154983]
 [0.04282979]]

Simulating particle
Particle track 20 is saved
Initiating Kalman filtering for particle: 20
Particle 20:
eta 2.643159235136191, phi 1.0542814379315535,
p 7.2991392164631135, q 1.60217662e-19,
brem = False
output State:
State Vector:
x:  [[-0.00045436506776706743]
y:   [-0.0003609101675254863]
tx:  [0.12434151228559584]
ty:  [0.0706189415617678]
q/p: [0.04107450075418247]]
Covariance matrix:
[[ 4.7e-06 -2.4e-09 -3.1e-06  6.6e-09 -1.6e-06]
 [-2.4e-09  4.1e-06  1.1e-09 -1.3e-06  5.5e-09]
 [-3.1e-06  1.1e-09  7.0e-06 -3.1e-11  3.8e-06]
 [ 6.6e-09 -1.3e-06 -3.1e-11  3.8e-06 -1.6e-08]
 [-1.6e-06  5.5e-09  3.8e-06 -1.6e-08  2.7e-06]]
Data added to list for particle: 20
Particle 21:
eta 2.7834894001306316, phi -2.7659747556809586,
p 7.0, q -1.60217662e-19,
brem = False
input State:
[[ 0.        ]
 [ 0.        ]
 [-0.04553281]
 [-0.11546575]
 [-0.04282979]]

Simulating particle
Particle track 21 is saved
Initiating Kalman filtering for particle: 21
Particle 21:
eta 2.7893897119804696, phi -2.764994234631734,
p 7.227701515385181, q -1.60217662e-19,
brem = False
output State:
State Vector:
x:  [[0.000383210278980564]
y:   [0.0007152156907889789]
tx:  [-0.045375427653964476]
ty:  [-0.11473686821605153]
q/p: [-0.04148047600102361]]
Covariance matrix:
[[ 4.3e-06  8.1e-10 -2.1e-06 -2.4e-09 -8.1e-07]
 [ 8.1e-10  4.1e-06 -2.6e-09 -1.3e-06  4.0e-09]
 [-2.1e-06 -2.6e-09  4.4e-06  8.8e-09  2.0e-06]
 [-2.4e-09 -1.3e-06  8.8e-09  3.8e-06 -1.0e-08]
 [-8.1e-07  4.0e-09  2.0e-06 -1.0e-08  1.4e-06]]
Data added to list for particle: 21
Particle 22:
eta 3.249522354692046, phi -2.1289124120100564,
p 7.0, q 1.60217662e-19,
brem = False
input State:
[[ 0.        ]
 [ 0.        ]
 [-0.06591139]
 [-0.04115034]
 [ 0.04282979]]

Simulating particle
Particle track 22 is saved
Initiating Kalman filtering for particle: 22
Particle 22:
eta 3.2139449210196003, phi -2.0972566403383066,
p 8.078363088199604, q 1.60217662e-19,
brem = False
output State:
State Vector:
x:  [[0.002714982059392313]
y:   [0.0001799794612517527]
tx:  [-0.06962168545848627]
ty:  [-0.04046217260984377]
q/p: [0.03711253084049163]]
Covariance matrix:
[[ 5.4e-06  4.9e-10 -3.9e-06 -1.2e-09 -1.9e-06]
 [ 4.9e-10  4.1e-06 -1.2e-09 -1.3e-06 -2.1e-09]
 [-3.9e-06 -1.2e-09  7.2e-06  3.3e-09  3.8e-06]
 [-1.2e-09 -1.3e-06  3.3e-09  3.8e-06  4.5e-09]
 [-1.9e-06 -2.1e-09  3.8e-06  4.5e-09  2.5e-06]]
Data added to list for particle: 22
Particle 23:
eta 3.388014194623279, phi -0.7864206268426616,
p 7.0, q -1.60217662e-19,
brem = False
input State:
[[ 0.        ]
 [ 0.        ]
 [-0.04786945]
 [ 0.04777166]
 [-0.04282979]]

Simulating particle
Particle track 23 is saved
Initiating Kalman filtering for particle: 23
Particle 23:
eta 3.39679191090486, phi -0.786547609402014,
p 7.136075310203114, q -1.60217662e-19,
brem = False
output State:
State Vector:
x:  [[0.0004217154116241367]
y:   [-0.000452536976652019]
tx:  [-0.0474561751709432]
ty:  [0.04734720375782225]
q/p: [-0.04201307948962265]]
Covariance matrix:
[[ 4.7e-06  1.3e-09 -2.5e-06 -2.9e-09 -1.0e-06]
 [ 1.3e-09  4.5e-06  1.6e-09 -1.7e-06 -2.2e-09]
 [-2.5e-06  1.6e-09  4.6e-06 -3.9e-09  2.0e-06]
 [-2.9e-09 -1.7e-06 -3.9e-09  3.8e-06  4.4e-09]
 [-1.0e-06 -2.2e-09  2.0e-06  4.4e-09  1.4e-06]]
Data added to list for particle: 23
Particle 24:
eta 2.4785300242255213, phi -0.2995285941001827,
p 7.0, q 1.60217662e-19,
brem = False
input State:
[[ 0.        ]
 [ 0.        ]
 [-0.04984348]
 [ 0.16139986]
 [ 0.04282979]]

Simulating particle
Particle track 24 is saved
Initiating Kalman filtering for particle: 24
Particle 24:
eta 2.4734917171963864, phi -0.3229118655785094,
p 8.189992950053957, q 1.60217662e-19,
brem = False
output State:
State Vector:
x:  [[0.0020509513105458673]
y:   [-0.0007147814009985638]
tx:  [-0.05387817987553041]
ty:  [0.16101101832558443]
q/p: [0.03660668587627072]]
Covariance matrix:
[[ 6.0e-06 -1.4e-09 -3.4e-06  4.0e-09 -1.6e-06]
 [-1.4e-09  3.9e-06  3.8e-09 -1.1e-06  7.0e-09]
 [-3.4e-06  3.8e-09  6.9e-06 -1.3e-08  3.6e-06]
 [ 4.0e-09 -1.1e-06 -1.3e-08  3.8e-06 -1.7e-08]
 [-1.6e-06  7.0e-09  3.6e-06 -1.7e-08  2.4e-06]]
Data added to list for particle: 24
Particle 25:
eta 4.892889088005475, phi 1.1827773949596807,
p 7.0, q -1.60217662e-19,
brem = False
input State:
[[ 0.        ]
 [ 0.        ]
 [ 0.01388518]
 [ 0.00567544]
 [-0.04282979]]

Simulating particle
Particle track 25 is saved
Initiating Kalman filtering for particle: 25
Particle 25:
eta 4.936446568305177, phi 1.1228533295777272,
p 7.284600686253666, q -1.60217662e-19,
brem = False
output State:
State Vector:
x:  [[0.00042179119320967366]
y:   [-0.00037680895217712617]
tx:  [0.012944029318630902]
ty:  [0.00621987263209205]
q/p: [-0.041156476815159916]]
Covariance matrix:
[[ 1.5e-05  3.1e-11 -7.7e-06 -1.2e-10 -3.1e-06]
 [ 3.1e-11  1.0e-05  3.3e-10 -3.6e-06 -4.8e-10]
 [-7.7e-06  3.3e-10  7.0e-06 -2.9e-10  3.0e-06]
 [-1.2e-10 -3.6e-06 -2.9e-10  4.2e-06  4.7e-10]
 [-3.1e-06 -4.8e-10  3.0e-06  4.7e-10  1.7e-06]]
Data added to list for particle: 25
Particle 26:
eta 4.378521498294621, phi 0.7135370200530705,
p 7.0, q 1.60217662e-19,
brem = False
input State:
[[0.        ]
 [0.        ]
 [0.01642284]
 [0.01897064]
 [0.04282979]]

Simulating particle
Particle track 26 is saved
Initiating Kalman filtering for particle: 26
Particle 26:
eta 4.450876941885971, phi 0.6274315524922772,
p 7.517669799457776, q 1.60217662e-19,
brem = False
output State:
State Vector:
x:  [[0.0022537101799762252]
y:   [-0.0001667349058555585]
tx:  [0.013702058836528815]
ty:  [0.018894486274631785]
q/p: [0.0398805091536637]]
Covariance matrix:
[[ 1.4e-05 -2.7e-09 -1.0e-05  2.7e-09 -5.3e-06]
 [-2.7e-09  1.0e-05  2.2e-09 -3.7e-06  3.8e-09]
 [-1.0e-05  2.2e-09  1.1e-05 -2.0e-09  6.0e-06]
 [ 2.7e-09 -3.7e-06 -2.0e-09  4.2e-06 -3.8e-09]
 [-5.3e-06  3.8e-09  6.0e-06 -3.8e-09  3.7e-06]]
Data added to list for particle: 26
Particle 27:
eta 3.227238676158398, phi 2.6052036929448636,
p 7.0, q -1.60217662e-19,
brem = False
input State:
[[ 0.        ]
 [ 0.        ]
 [ 0.04060626]
 [-0.06829957]
 [-0.04282979]]

Simulating particle
Particle track 27 is saved
Initiating Kalman filtering for particle: 27
Particle 27:
eta 3.230222275655266, phi 2.598811943306275,
p 7.4108170871851895, q -1.60217662e-19,
brem = False
output State:
State Vector:
x:  [[-0.00036361038127946595]
y:   [0.00040191165409643616]
tx:  [0.04091932238234414]
ty:  [-0.06783529521733021]
q/p: [-0.04045552544670505]]
Covariance matrix:
[[ 4.7e-06  3.8e-10 -2.5e-06 -6.0e-10 -1.0e-06]
 [ 3.8e-10  4.1e-06 -5.2e-10 -1.3e-06  2.0e-09]
 [-2.5e-06 -5.2e-10  4.6e-06  5.9e-11  2.0e-06]
 [-6.0e-10 -1.3e-06  5.9e-11  3.8e-06 -4.3e-09]
 [-1.0e-06  2.0e-09  2.0e-06 -4.3e-09  1.4e-06]]
Data added to list for particle: 27
Particle 28:
eta 2.658967972246767, phi 0.4008798439014495,
p 7.0, q 1.60217662e-19,
brem = False
input State:
[[0.        ]
 [0.        ]
 [0.05491721]
 [0.12957346]
 [0.04282979]]

Simulating particle
Particle track 28 is saved
Initiating Kalman filtering for particle: 28
Particle 28:
eta 2.667158692221556, phi 0.3843144152579553,
p 7.393836429971652, q 1.60217662e-19,
brem = False
output State:
State Vector:
x:  [[0.00036083397529148144]
y:   [-0.0009502003179925086]
tx:  [0.052328741105694056]
ty:  [0.1293907635958553]
q/p: [0.040548435455806595]]
Covariance matrix:
[[ 4.7e-06 -1.2e-09 -3.1e-06  2.8e-09 -1.5e-06]
 [-1.2e-09  4.1e-06  2.7e-09 -1.3e-06  8.7e-09]
 [-3.1e-06  2.7e-09  6.9e-06 -4.3e-09  3.7e-06]
 [ 2.8e-09 -1.3e-06 -4.3e-09  3.8e-06 -2.3e-08]
 [-1.5e-06  8.7e-09  3.7e-06 -2.3e-08  2.6e-06]]
Data added to list for particle: 28
Particle 29:
eta 3.1527650589866862, phi -2.4690614177590664,
p 7.0, q -1.60217662e-19,
brem = False
input State:
[[ 0.        ]
 [ 0.        ]
 [-0.053341  ]
 [-0.06697912]
 [-0.04282979]]

Simulating particle
Particle track 29 is saved
Initiating Kalman filtering for particle: 29
Particle 29:
eta 3.1640521183462265, phi -2.4693237692896735,
p 7.15642131660185, q -1.60217662e-19,
brem = False
output State:
State Vector:
x:  [[0.0004925317230457158]
y:   [0.00035663732765762963]
tx:  [-0.05272278745505545]
ty:  [-0.06623850054837542]
q/p: [-0.041893634539932015]]
Covariance matrix:
[[ 4.7e-06  5.5e-10 -2.5e-06 -1.7e-09 -1.0e-06]
 [ 5.5e-10  4.1e-06 -1.6e-09 -1.3e-06  2.3e-09]
 [-2.5e-06 -1.6e-09  4.6e-06  5.6e-09  2.1e-06]
 [-1.7e-09 -1.3e-06  5.6e-09  3.8e-06 -6.1e-09]
 [-1.0e-06  2.3e-09  2.1e-06 -6.1e-09  1.4e-06]]
Data added to list for particle: 29
Particle 30:
eta 3.705681659600288, phi 0.5801915035267332,
p 9.0, q 1.60217662e-19,
brem = False
input State:
[[0.        ]
 [0.        ]
 [0.02696882]
 [0.04114599]
 [0.03331206]]

Simulating particle
Particle track 30 is saved
Initiating Kalman filtering for particle: 30
Particle 30:
eta 3.7291717735761876, phi 0.5612429396446414,
p 9.463732690703168, q 1.60217662e-19,
brem = False
output State:
State Vector:
x:  [[0.0006734285691740106]
y:   [-9.67490638659555e-05]
tx:  [0.025575748651830366]
ty:  [0.04068151000836101]
q/p: [0.031679730297752194]]
Covariance matrix:
[[ 6.6e-06 -1.2e-09 -5.8e-06  2.0e-09 -3.1e-06]
 [-1.2e-09  3.8e-06  1.8e-09 -1.6e-06  3.2e-09]
 [-5.8e-06  1.8e-09  8.7e-06 -3.1e-09  4.9e-06]
 [ 2.0e-09 -1.6e-06 -3.1e-09  3.1e-06 -5.7e-09]
 [-3.1e-06  3.2e-09  4.9e-06 -5.7e-09  3.1e-06]]
Data added to list for particle: 30
Particle 31:
eta 3.976857535647328, phi -0.4614274161519855,
p 9.0, q -1.60217662e-19,
brem = False
input State:
[[ 0.        ]
 [ 0.        ]
 [-0.01669693]
 [ 0.03358003]
 [-0.03331206]]

Simulating particle
Particle track 31 is saved
Initiating Kalman filtering for particle: 31
Particle 31:
eta 3.9994543327293033, phi -0.45480017813187557,
p 9.219889044463578, q -1.60217662e-19,
brem = False
output State:
State Vector:
x:  [[-9.813357884729746e-05]
y:   [4.693616481088041e-05]
tx:  [-0.01610568248991681]
ty:  [0.03293668795724222]
q/p: [-0.03251758213202447]]
Covariance matrix:
[[ 6.4e-06 -7.2e-10 -3.8e-06  1.1e-09 -1.7e-06]
 [-7.2e-10  4.8e-06  1.0e-09 -1.9e-06 -1.2e-09]
 [-3.8e-06  1.0e-09  4.8e-06 -1.7e-09  2.2e-06]
 [ 1.1e-09 -1.9e-06 -1.7e-09  3.2e-06  1.9e-09]
 [-1.7e-06 -1.2e-09  2.2e-06  1.9e-09  1.4e-06]]
Data added to list for particle: 31
Particle 32:
eta 4.690960782773329, phi 2.366075562687986,
p 9.0, q 1.60217662e-19,
brem = False
input State:
[[ 0.        ]
 [ 0.        ]
 [ 0.01285166]
 [-0.01310818]
 [ 0.03331206]]

Simulating particle
Particle track 32 is saved
Initiating Kalman filtering for particle: 32
Particle 32:
eta 4.822621055177408, phi 2.4544966430316153,
p 9.67311104316831, q 1.60217662e-19,
brem = False
output State:
State Vector:
x:  [[0.0022997659457370825]
y:   [-0.0004796875698415725]
tx:  [0.010207315900747985]
ty:  [-0.012440881667324492]
q/p: [0.030994009880951225]]
Covariance matrix:
[[ 1.5e-05  2.2e-09 -1.2e-05 -2.2e-09 -6.4e-06]
 [ 2.2e-09  1.0e-05 -2.0e-09 -3.4e-06 -2.5e-09]
 [-1.2e-05 -2.0e-09  1.3e-05  1.9e-09  7.2e-06]
 [-2.2e-09 -3.4e-06  1.9e-09  3.7e-06  2.4e-09]
 [-6.4e-06 -2.5e-09  7.2e-06  2.4e-09  4.3e-06]]
Data added to list for particle: 32
Particle 33:
eta 2.1140621913714366, phi 0.19299515840813247,
p 9.0, q -1.60217662e-19,
brem = False
input State:
[[ 0.        ]
 [ 0.        ]
 [ 0.04700348]
 [ 0.24051608]
 [-0.03331206]]

Simulating particle
Particle track 33 is saved
Initiating Kalman filtering for particle: 33
Particle 33:
eta 2.122558052942077, phi 0.1933923366173904,
p 9.801528915748959, q -1.60217662e-19,
brem = False
output State:
State Vector:
x:  [[0.0002780852008054306]
y:   [-0.000531439870219059]
tx:  [0.04668890973309993]
ty:  [0.23840339125638166]
q/p: [-0.03058793192659657]]
Covariance matrix:
[[ 7.8e-06 -1.5e-09 -2.9e-06  3.1e-09 -1.1e-06]
 [-1.5e-09  5.1e-06  2.2e-09 -1.0e-06 -4.6e-09]
 [-2.9e-06  2.2e-09  4.3e-06 -1.2e-09  1.9e-06]
 [ 3.1e-09 -1.0e-06 -1.2e-09  3.2e-06  1.0e-08]
 [-1.1e-06 -4.6e-09  1.9e-06  1.0e-08  1.2e-06]]
Data added to list for particle: 33
Particle 34:
eta 2.9339089671406273, phi -0.8762241573651999,
p 9.0, q 1.60217662e-19,
brem = False
input State:
[[ 0.        ]
 [ 0.        ]
 [-0.0819646 ]
 [ 0.06828077]
 [ 0.03331206]]

Simulating particle
Particle track 34 is saved
Initiating Kalman filtering for particle: 34
Particle 34:
eta 2.911147126378065, phi -0.9037418090164558,
p 10.589751461194357, q 1.60217662e-19,
brem = False
output State:
State Vector:
x:  [[0.002027691399844419]
y:   [-0.0003418376572714624]
tx:  [-0.08575319105881929]
ty:  [0.06752815620763256]
q/p: [0.02831119317107026]]
Covariance matrix:
[[ 4.8e-06 -6.1e-10 -3.3e-06  1.4e-09 -1.6e-06]
 [-6.1e-10  4.1e-06  2.1e-09 -1.2e-06  2.8e-09]
 [-3.3e-06  2.1e-09  7.3e-06 -5.7e-09  4.0e-06]
 [ 1.4e-09 -1.2e-06 -5.7e-09  3.2e-06 -5.8e-09]
 [-1.6e-06  2.8e-09  4.0e-06 -5.8e-09  2.6e-06]]
Data added to list for particle: 34
Particle 35:
eta 4.68815635403877, phi 2.4478551497636714,
p 9.0, q -1.60217662e-19,
brem = False
input State:
[[ 0.        ]
 [ 0.        ]
 [ 0.01177089]
 [-0.01415385]
 [-0.03331206]]

Simulating particle
Particle track 35 is saved
Initiating Kalman filtering for particle: 35
Particle 35:
eta 4.71705732903677, phi 2.453103825886672,
p 9.245237463348229, q -1.60217662e-19,
brem = False
output State:
State Vector:
x:  [[0.0002756513267980623]
y:   [-1.0376793853416905e-05]
tx:  [0.011363186067897898]
ty:  [-0.013810408121453092]
q/p: [-0.032428426034491406]]
Covariance matrix:
[[ 9.1e-06  7.4e-10 -5.1e-06 -7.1e-10 -2.2e-06]
 [ 7.4e-10  1.0e-05 -6.4e-10 -3.4e-06  8.2e-10]
 [-5.1e-06 -6.4e-10  5.4e-06  5.8e-10  2.5e-06]
 [-7.1e-10 -3.4e-06  5.8e-10  3.7e-06 -7.9e-10]
 [-2.2e-06  8.2e-10  2.5e-06 -7.9e-10  1.5e-06]]
Data added to list for particle: 35
Particle 36:
eta 4.277522436988387, phi -1.8214322601421011,
p 9.0, q 1.60217662e-19,
brem = False
input State:
[[ 0.        ]
 [ 0.        ]
 [-0.026892  ]
 [-0.00688488]
 [ 0.03331206]]

Simulating particle
Particle track 36 is saved
Initiating Kalman filtering for particle: 36
Particle 36:
eta 4.172128996981393, phi -1.7949838463720635,
p 9.967925307505183, q 1.60217662e-19,
brem = False
output State:
State Vector:
x:  [[0.0034818622837935412]
y:   [0.00018202611296008048]
tx:  [-0.03007420584128704]
ty:  [-0.00685753508150472]
q/p: [0.030077322010605475]]
Covariance matrix:
[[ 1.5e-05 -2.1e-09 -1.2e-05  3.0e-09 -6.4e-06]
 [-2.1e-09  6.7e-06 -7.3e-10 -2.5e-06 -8.5e-10]
 [-1.2e-05 -7.3e-10  1.3e-05  9.4e-10  7.2e-06]
 [ 3.0e-09 -2.5e-06  9.4e-10  3.5e-06  1.0e-09]
 [-6.4e-06 -8.5e-10  7.2e-06  1.0e-09  4.3e-06]]
Data added to list for particle: 36
Particle 37:
eta 3.679839875309019, phi -0.679012181167912,
p 9.0, q -1.60217662e-19,
brem = False
input State:
[[ 0.        ]
 [ 0.        ]
 [-0.03170655]
 [ 0.039288  ]
 [-0.03331206]]

Simulating particle
Particle track 37 is saved
Initiating Kalman filtering for particle: 37
Particle 37:
eta 3.6765865881660194, phi -0.6806116702526732,
p 9.173664322175622, q -1.60217662e-19,
brem = False
output State:
State Vector:
x:  [[0.00044898890803123613]
y:   [-0.00026254061093716947]
tx:  [-0.031873005427816604]
ty:  [0.03936525518614129]
q/p: [-0.032681433364284536]]
Covariance matrix:
[[ 4.8e-06 -8.8e-10 -3.0e-06  1.7e-09 -1.3e-06]
 [-8.8e-10  3.8e-06  1.0e-09 -1.6e-06 -1.3e-09]
 [-3.0e-06  1.0e-09  4.4e-06 -2.1e-09  2.0e-06]
 [ 1.7e-09 -1.6e-06 -2.1e-09  3.1e-06  2.3e-09]
 [-1.3e-06 -1.3e-09  2.0e-06  2.3e-09  1.3e-06]]
Data added to list for particle: 37
Particle 38:
eta 3.3389435712312423, phi -1.8803582938850771,
p 9.0, q 1.60217662e-19,
brem = False
input State:
[[ 0.        ]
 [ 0.        ]
 [-0.06766157]
 [-0.02164119]
 [ 0.03331206]]

Simulating particle
Particle track 38 is saved
Initiating Kalman filtering for particle: 38
Particle 38:
eta 3.301398747016741, phi -1.859989167993931,
p 10.335524835144993, q 1.60217662e-19,
brem = False
output State:
State Vector:
x:  [[0.0025438934230795243]
y:   [8.796259846198057e-05]
tx:  [-0.07070022440667648]
ty:  [-0.021035717854545166]
q/p: [0.029007573783967507]]
Covariance matrix:
[[ 5.6e-06  6.5e-10 -4.3e-06 -1.4e-09 -2.2e-06]
 [ 6.5e-10  5.5e-06 -8.8e-10 -1.4e-06 -1.2e-09]
 [-4.3e-06 -8.8e-10  7.9e-06  1.9e-09  4.3e-06]
 [-1.4e-09 -1.4e-06  1.9e-09  3.2e-06  2.1e-09]
 [-2.2e-06 -1.2e-09  4.3e-06  2.1e-09  2.8e-06]]
Data added to list for particle: 38
Particle 39:
eta 4.455366943928426, phi -2.5945043086583115,
p 9.0, q -1.60217662e-19,
brem = False
input State:
[[ 0.        ]
 [ 0.        ]
 [-0.01208704]
 [-0.0198439 ]
 [-0.03331206]]

Simulating particle
Particle track 39 is saved
Initiating Kalman filtering for particle: 39
Particle 39:
eta 4.479518610512958, phi -2.5836924905455434,
p 9.194295171118547, q -1.60217662e-19,
brem = False
output State:
State Vector:
x:  [[0.00016810831097091892]
y:   [-0.00019631635284097062]
tx:  [-0.012007274091430747]
ty:  [-0.019241557911583676]
q/p: [-0.03260810031347115]]
Covariance matrix:
[[ 9.1e-06  9.1e-10 -5.1e-06 -9.2e-10 -2.2e-06]
 [ 9.1e-10  1.0e-05 -1.1e-09 -3.4e-06  1.2e-09]
 [-5.1e-06 -1.1e-09  5.5e-06  1.2e-09  2.5e-06]
 [-9.2e-10 -3.4e-06  1.2e-09  3.7e-06 -1.2e-09]
 [-2.2e-06  1.2e-09  2.5e-06 -1.2e-09  1.5e-06]]
Data added to list for particle: 39
Particle 40:
eta 4.987604059388264, phi -2.291784895450223,
p 11.0, q 1.60217662e-19,
brem = False
input State:
[[ 0.        ]
 [ 0.        ]
 [-0.0102492 ]
 [-0.00900719]
 [ 0.02725532]]

Simulating particle
Particle track 40 is saved
Initiating Kalman filtering for particle: 40
Particle 40:
eta 4.790354280999327, phi -2.1488344350468145,
p 12.325747494596822, q 1.60217662e-19,
brem = False
output State:
State Vector:
x:  [[0.004243605387926286]
y:   [8.41640199343532e-05]
tx:  [-0.013919997012386713]
ty:  [-0.009080960881271702]
q/p: [0.024323758001932348]]
Covariance matrix:
[[ 3.5e-05  2.8e-09 -2.7e-05 -2.7e-09 -1.5e-05]
 [ 2.8e-09  1.0e-05 -2.6e-09 -3.2e-06 -2.1e-09]
 [-2.7e-05 -2.6e-09  2.5e-05  2.5e-09  1.4e-05]
 [-2.7e-09 -3.2e-06  2.5e-09  3.3e-06  2.1e-09]
 [-1.5e-05 -2.1e-09  1.4e-05  2.1e-09  7.8e-06]]
Data added to list for particle: 40
Particle 41:
eta 2.7743965392331065, phi 2.334596747772449,
p 11.0, q -1.60217662e-19,
brem = False
input State:
[[ 0.        ]
 [ 0.        ]
 [ 0.09046562]
 [-0.08663995]
 [-0.02725532]]

Simulating particle
Particle track 41 is saved
Initiating Kalman filtering for particle: 41
Particle 41:
eta 2.7772638295273864, phi 2.337740903458592,
p 11.7901214194872, q -1.60217662e-19,
brem = False
output State:
State Vector:
x:  [[-0.0003064455057516107]
y:   [0.0006646548464986378]
tx:  [0.08993251974188791]
ty:  [-0.08667314186213959]
q/p: [-0.02542878810017691]]
Covariance matrix:
[[ 4.2e-06  9.2e-11 -1.8e-06  2.2e-10 -7.3e-07]
 [ 9.2e-11  4.1e-06 -3.5e-10 -1.1e-06  1.3e-09]
 [-1.8e-06 -3.5e-10  3.7e-06 -1.0e-09  1.8e-06]
 [ 2.2e-10 -1.1e-06 -1.0e-09  2.9e-06 -2.8e-09]
 [-7.3e-07  1.3e-09  1.8e-06 -2.8e-09  1.1e-06]]
Data added to list for particle: 41
Particle 42:
eta 2.4976007671757894, phi -0.1212491085686802,
p 11.0, q 1.60217662e-19,
brem = False
input State:
[[ 0.        ]
 [ 0.        ]
 [-0.02004011]
 [ 0.16446969]
 [ 0.02725532]]

Simulating particle
Particle track 42 is saved
Initiating Kalman filtering for particle: 42
Particle 42:
eta 2.5050331183565033, phi -0.14069726385320605,
p 12.341212219739695, q 1.60217662e-19,
brem = False
output State:
State Vector:
x:  [[0.0013941124866694715]
y:   [-0.0005834983591070169]
tx:  [-0.023060378338577353]
ty:  [0.16281774725887063]
q/p: [0.024293277995167697]]
Covariance matrix:
[[ 6.3e-06 -2.0e-09 -4.2e-06  5.5e-09 -2.2e-06]
 [-2.0e-09  3.9e-06  4.5e-09 -9.1e-07  6.2e-09]
 [-4.2e-06  4.5e-09  8.4e-06 -1.2e-08  4.8e-06]
 [ 5.5e-09 -9.1e-07 -1.2e-08  2.9e-06 -1.7e-08]
 [-2.2e-06  6.2e-09  4.8e-06 -1.7e-08  3.0e-06]]
Data added to list for particle: 42
Particle 43:
eta 3.218905219197562, phi 2.511679254219443,
p 11.0, q -1.60217662e-19,
brem = False
input State:
[[ 0.        ]
 [ 0.        ]
 [ 0.04720011]
 [-0.06474797]
 [-0.02725532]]

Simulating particle
Particle track 43 is saved
Initiating Kalman filtering for particle: 43
Particle 43:
eta 3.225302753857431, phi 2.5140728269188912,
p 11.44290452397673, q -1.60217662e-19,
brem = False
output State:
State Vector:
x:  [[-0.00023140212985717028]
y:   [0.0004189209649627598]
tx:  [0.046744035245659156]
ty:  [-0.06444582637763477]
q/p: [-0.02620038458096871]]
Covariance matrix:
[[ 4.6e-06  1.7e-09 -2.2e-06 -4.2e-09 -9.3e-07]
 [ 1.7e-09  4.0e-06 -6.1e-10 -1.1e-06  1.1e-09]
 [-2.2e-06 -6.1e-10  3.8e-06  8.6e-10  1.9e-06]
 [-4.2e-09 -1.1e-06  8.6e-10  2.9e-06 -2.3e-09]
 [-9.3e-07  1.1e-09  1.9e-06 -2.3e-09  1.2e-06]]
Data added to list for particle: 43
Particle 44:
eta 2.9746128879900198, phi 1.2733366628597993,
p 11.0, q 1.60217662e-19,
brem = False
input State:
[[0.        ]
 [0.        ]
 [0.0979044 ]
 [0.03001308]
 [0.02725532]]

Simulating particle
Particle track 44 is saved
Initiating Kalman filtering for particle: 44
Particle 44:
eta 2.982469712402681, phi 1.2705212608283145,
p 11.3225627986671, q 1.60217662e-19,
brem = False
output State:
State Vector:
x:  [[-0.0005229050449800981]
y:   [-0.0002488843229419276]
tx:  [0.09705001487689222]
ty:  [0.03005033970299592]
q/p: [0.026478855059809486]]
Covariance matrix:
[[ 5.0e-06 -1.5e-09 -3.8e-06  4.0e-09 -2.0e-06]
 [-1.5e-09  4.0e-06  1.0e-09 -1.1e-06  1.6e-09]
 [-3.8e-06  1.0e-09  8.5e-06 -2.2e-09  4.9e-06]
 [ 4.0e-09 -1.1e-06 -2.2e-09  2.9e-06 -4.3e-09]
 [-2.0e-06  1.6e-09  4.9e-06 -4.3e-09  3.2e-06]]
Data added to list for particle: 44
Particle 45:
eta 2.700139889485139, phi 2.129902658445087,
p 11.0, q -1.60217662e-19,
brem = False
input State:
[[ 0.        ]
 [ 0.        ]
 [ 0.11444501]
 [-0.07160885]
 [-0.02725532]]

Simulating particle
Particle track 45 is saved
Initiating Kalman filtering for particle: 45
Particle 45:
eta 2.70875364028494, phi 2.1314770342225824,
p 11.90557534444733, q -1.60217662e-19,
brem = False
output State:
State Vector:
x:  [[-0.0003693583065483989]
y:   [0.0004378394929111631]
tx:  [0.11334274450578544]
ty:  [-0.07116770641967743]
q/p: [-0.025182193264714874]]
Covariance matrix:
[[ 4.2e-06  1.3e-09 -1.8e-06 -3.0e-09 -7.3e-07]
 [ 1.3e-09  4.1e-06 -2.4e-10 -1.1e-06  1.1e-09]
 [-1.8e-06 -2.4e-10  3.7e-06 -1.0e-09  1.8e-06]
 [-3.0e-09 -1.1e-06 -1.0e-09  2.9e-06 -2.1e-09]
